14 81 32 85 46 89 5 14 32 79 34 25 75 60 59 48 94 22 14 59 22 10 81 22 88 41 33 32 80 67 31 14 10 17 68 1 48 35 58 4 24 79 45 42 56 23 23 30 27 97 92 3 41 82 76 30 98 10 6 14 98 10 5 56 93 5 25 26 26 47 5 65 17 34 50 78 49 83 82 37 42 65 46 92 71 36 29 81 3 45 90 3 18 56 31 50 14 43 63 82 
11 21 17 36 86 76 22 82 44 75 89 12 63 42 85 91 9 44 19 19 69 76 88 75 34 99 53 96 5 65 42 43 95 69 23 30 87 98 69 57 16 83 44 7 94 45 53 92 13 22 19 59 71 98 78 96 76 50 31 99 7 69 57 45 34 15 67 98 16 26 99 64 78 10 35 16 16 52 34 38 38 7 85 57 34 35 70 87 99 1 49 6 75 18 41 13 81 35 17 37 
54 21 92 23 29 38 5 36 88 12 43 34 61 13 93 79 89 46 13 99 88 60 6 3 73 44 34 62 43 53 25 11 56 75 31 41 33 35 16 42 50 69 38 7 92 73 70 94 80 25 23 34 17 83 59 15 77 39 72 33 28 10 94 31 86 13 38 18 18 47 82 16 15 4 41 42 34 68 66 49 32 95 24 88 65 42 49 80 12 98 67 54 5 60 54 9 93 21 99 80 
37 3 4 10 78 23 81 82 87 60 51 94 75 76 71 46 29 25 69 6 73 83 62 48 69 9 79 7 32 25 7 5 5 83 70 21 43 72 22 60 44 63 78 25 28 92 26 84 39 5 34 41 41 18 74 60 8 75 70 82 3 43 93 33 67 83 87 53 95 57 64 32 24 71 23 7 8 95 19 37 54 64 79 39 71 25 23 89 11 28 10 9 55 97 87 61 25 80 17 81 
29 88 10 13 79 26 13 16 21 6 51 62 58 71 23 3 95 97 29 32 89 86 73 29 75 38 59 72 81 32 70 90 49 68 33 39 86 22 30 99 78 43 57 6 0 47 7 99 93 22 52 68 18 83 81 33 3 18 46 11 95 81 51 3 76 69 14 8 16 33 8 12 71 87 79 10 19 86 23 40 90 21 51 42 35 34 11 75 84 84 24 46 89 17 76 53 69 31 94 69 
69 50 68 53 5 59 59 1 87 74 87 45 85 80 60 82 3 71 63 23 8 90 69 68 49 82 21 47 72 53 24 37 9 13 50 56 59 37 42 68 69 6 63 74 26 52 45 11 82 74 85 18 50 47 65 94 87 94 9 30 1 73 59 42 93 74 82 33 93 70 80 55 56 61 70 61 38 90 11 42 92 38 81 76 87 71 59 59 41 27 90 90 89 59 18 76 4 5 75 69 
44 39 89 61 4 37 81 43 88 8 66 10 50 9 74 16 49 6 40 64 81 0 26 54 75 9 62 88 55 94 99 55 27 55 93 46 30 9 56 7 60 24 17 44 99 51 41 35 71 65 0 28 2 49 70 91 48 56 19 50 89 73 4 61 2 93 83 60 40 73 7 39 43 53 14 27 12 34 47 37 69 90 63 28 33 22 61 76 70 64 89 93 6 62 63 88 42 67 21 8 
45 1 66 67 44 43 7 36 20 55 37 96 40 58 61 68 89 55 93 26 88 29 4 1 38 93 3 86 30 52 5 89 42 53 16 96 75 69 81 66 19 18 82 67 87 45 25 39 18 64 40 64 51 16 3 88 78 15 70 11 26 88 3 89 93 69 30 38 64 49 60 78 97 16 73 72 27 92 60 90 64 45 72 55 29 51 27 87 45 90 62 90 2 15 53 20 21 37 1 40 
16 90 35 16 7 51 49 44 22 69 39 96 64 78 35 71 29 28 88 93 87 67 33 92 79 73 30 19 11 29 2 31 14 68 4 19 28 80 7 22 46 18 67 22 49 27 69 55 75 5 34 52 81 43 85 93 16 66 77 46 9 65 68 74 19 27 65 80 32 72 27 86 51 9 95 87 48 4 32 95 0 8 13 72 66 92 43 12 22 98 7 48 21 82 82 78 70 75 19 86 
24 14 13 58 31 44 2 40 79 34 66 85 14 27 80 50 6 44 54 37 48 5 72 69 87 30 47 55 83 17 74 46 31 37 16 32 28 94 39 81 60 27 37 90 44 20 93 10 30 6 48 38 90 23 24 7 65 10 88 60 54 59 70 59 13 95 82 76 61 91 63 5 71 9 27 53 87 6 42 27 61 70 75 48 24 85 86 16 17 39 13 53 92 38 50 50 23 87 33 67 
95 2 98 96 14 86 5 55 57 41 60 74 47 43 40 49 3 57 20 76 63 48 86 40 12 59 31 35 7 25 86 89 37 29 72 96 59 48 62 87 13 9 10 74 69 47 67 97 90 72 52 24 49 16 91 26 46 24 97 17 12 40 40 29 75 67 16 34 34 34 76 43 88 98 66 80 65 89 32 84 29 27 51 87 21 9 63 98 67 67 68 25 3 14 85 55 5 80 64 37 
29 63 73 95 29 56 62 32 38 21 66 77 73 85 17 51 46 70 91 77 62 22 36 14 50 74 24 37 40 32 86 82 30 73 2 89 96 35 75 29 17 79 18 20 21 73 89 89 61 94 51 98 95 23 93 93 12 96 52 88 31 84 55 8 16 83 35 6 25 83 53 59 60 83 93 94 17 21 45 35 57 59 39 63 43 33 70 97 10 9 14 95 15 62 51 41 96 93 92 9 
97 48 8 71 86 65 44 91 50 88 27 13 22 88 3 20 89 83 68 19 94 51 10 84 99 27 18 1 5 87 48 27 71 11 92 33 43 78 50 74 51 33 84 34 9 57 10 22 69 3 55 38 10 83 91 55 39 3 39 98 7 97 65 71 51 82 28 72 72 16 38 48 32 82 68 39 28 22 17 29 24 56 71 63 30 9 99 85 35 15 67 29 62 71 25 87 22 6 5 9 
76 64 23 56 49 90 67 56 86 56 65 76 76 34 28 90 88 54 24 22 68 85 26 52 91 5 61 27 75 96 51 83 24 83 42 87 39 13 36 36 16 13 47 72 92 97 1 74 14 20 11 21 93 3 8 83 41 79 29 24 82 58 66 31 70 19 83 33 77 7 72 87 16 30 78 64 81 37 8 92 32 61 60 15 78 88 41 94 57 22 0 46 28 2 14 73 72 34 54 93 
88 24 71 47 9 59 93 45 1 14 67 79 92 79 87 71 36 95 25 44 9 8 72 36 40 35 66 56 13 71 83 43 74 53 33 37 15 37 11 43 51 48 66 96 76 92 31 70 89 42 59 21 31 66 23 11 58 28 64 21 70 21 17 64 50 8 94 40 47 46 5 29 43 96 99 27 60 35 50 63 44 80 52 2 19 37 54 30 67 55 50 95 82 94 26 12 5 10 30 93 
12 20 3 15 2 80 93 43 10 56 54 75 78 93 76 55 91 43 17 58 62 19 69 31 81 13 28 82 77 40 80 95 50 5 85 87 63 85 11 44 60 18 8 74 17 28 75 71 69 26 20 66 51 24 4 4 32 18 64 47 13 80 93 64 90 67 51 70 70 32 22 51 69 71 60 67 32 3 32 31 65 41 54 35 18 70 77 51 90 29 61 82 5 12 17 44 59 53 84 67 
16 71 30 44 58 10 49 35 72 97 65 42 81 55 33 21 96 25 42 27 7 50 33 72 90 14 72 4 77 22 93 15 4 52 43 26 74 79 65 65 60 55 24 1 91 94 55 15 24 89 25 81 27 69 46 77 19 0 46 36 28 56 2 33 46 94 36 90 29 74 50 54 4 23 70 95 22 89 41 86 91 94 51 21 95 86 21 28 16 12 98 55 89 10 91 39 71 40 59 55 
95 4 1 5 84 10 95 1 99 24 26 45 92 41 91 74 78 85 62 34 21 96 21 34 32 64 92 97 46 76 26 62 37 59 34 95 29 60 62 55 9 35 40 73 39 88 76 61 73 34 97 74 51 59 83 4 23 38 88 44 55 45 58 43 18 48 85 75 10 50 37 16 32 70 89 61 52 0 45 93 6 13 38 69 34 77 84 54 24 76 52 24 91 27 11 89 94 27 41 2 
79 50 58 1 44 93 43 6 96 38 8 7 31 55 48 14 40 22 28 28 26 30 77 88 56 98 76 44 82 37 79 44 97 1 62 49 50 84 84 48 50 96 39 58 96 38 48 14 55 34 90 61 77 8 36 29 5 2 19 81 61 28 27 72 3 44 61 25 13 40 48 30 66 0 18 99 43 60 10 8 42 17 80 45 94 63 64 10 27 47 70 96 39 42 1 99 49 14 31 84 
62 3 29 72 81 40 67 2 78 95 90 17 42 43 12 1 48 29 44 40 96 41 98 4 17 93 69 48 32 14 55 39 83 70 1 36 38 42 37 30 1 73 36 65 37 80 35 33 44 59 79 31 31 24 75 18 26 19 51 44 59 82 19 25 94 82 98 87 93 61 51 7 38 69 75 47 93 96 4 40 76 86 58 38 60 69 77 38 58 35 22 58 82 17 77 3 39 97 34 68 
82 85 2 42 79 74 28 72 18 28 9 79 70 60 61 89 88 46 79 19 98 41 43 31 98 87 54 25 56 57 46 60 82 1 22 7 7 62 63 51 62 38 76 62 14 47 16 22 2 92 67 9 61 84 94 15 49 23 46 62 15 16 57 86 53 63 7 93 35 88 40 5 27 60 35 92 22 26 39 42 98 44 87 81 23 30 43 65 58 23 80 83 43 48 45 8 29 22 96 53 
2 92 35 61 21 92 16 61 36 92 33 36 17 0 64 99 88 90 42 14 18 86 94 43 65 40 4 30 56 30 26 27 76 26 44 88 62 96 23 90 95 95 87 93 78 66 85 46 57 60 66 65 43 41 90 55 64 27 83 66 61 4 74 46 21 94 82 94 52 34 62 55 32 26 45 80 45 68 48 35 53 16 40 99 52 82 77 23 88 31 18 97 44 90 18 98 94 80 22 30 
99 68 7 19 6 61 67 99 95 44 79 33 1 18 44 35 77 34 95 42 78 15 65 85 58 5 38 1 14 20 84 16 93 57 72 7 73 60 1 98 47 53 80 65 84 43 78 66 99 93 27 28 37 99 99 62 58 93 56 52 30 95 80 86 32 61 3 98 49 31 18 30 33 27 21 15 78 13 94 60 37 84 55 94 29 15 14 68 85 3 90 17 49 71 69 41 95 3 85 97 
15 30 3 23 30 94 74 86 23 1 63 92 92 61 65 4 78 43 92 50 17 45 34 12 7 97 37 64 39 41 73 68 74 29 69 44 25 82 49 10 56 32 47 78 42 17 14 49 9 47 34 96 52 28 14 81 72 34 82 5 63 98 57 94 31 84 37 2 86 15 93 40 36 40 88 39 45 41 26 78 33 40 28 3 94 29 59 23 1 96 29 56 47 62 99 19 45 31 26 44 
89 21 85 24 55 47 19 75 1 52 65 26 94 48 81 7 25 23 72 58 17 77 18 86 47 86 28 76 8 91 35 63 91 24 14 61 66 55 91 53 56 69 62 58 33 84 87 51 7 49 23 71 36 51 76 3 0 88 12 57 40 62 51 55 91 12 32 12 48 82 42 54 36 14 19 94 13 73 92 52 15 49 18 66 34 16 53 86 17 89 87 9 54 97 15 23 37 9 66 93 
9 95 30 30 76 70 74 9 99 89 65 33 98 26 34 70 52 43 15 59 59 5 92 5 25 29 87 79 50 36 78 11 86 9 32 4 89 53 36 3 9 26 58 63 19 52 51 4 58 88 83 88 60 53 73 41 89 5 79 9 33 79 30 30 9 90 12 12 34 79 49 38 29 18 43 77 86 95 17 43 10 26 65 70 2 79 40 3 47 56 59 6 99 92 59 7 41 85 54 59 
15 95 60 91 6 91 47 92 84 91 19 88 34 11 21 88 77 1 10 70 22 96 78 5 38 57 1 22 31 22 62 61 12 84 87 73 45 16 52 60 75 8 15 98 13 14 62 24 23 29 35 8 2 20 41 43 20 60 32 74 97 81 91 73 54 91 84 77 49 77 52 76 38 78 59 54 64 55 26 38 22 77 70 78 71 3 44 71 60 83 92 28 50 22 19 24 76 93 8 26 
14 9 36 41 22 1 16 28 89 35 95 95 34 87 9 27 6 75 63 11 83 8 64 99 95 21 8 17 31 34 19 62 65 66 75 30 61 41 18 83 63 4 10 3 29 5 78 96 46 11 98 23 92 82 97 96 30 71 74 29 41 58 80 89 53 79 27 28 30 63 32 8 79 95 31 9 93 6 42 48 24 67 64 80 3 17 79 19 85 10 87 44 17 6 25 33 62 32 38 58 
49 25 96 78 31 24 1 66 85 30 37 4 67 83 70 58 9 92 98 23 84 31 2 53 72 52 56 7 64 21 6 49 87 92 52 62 38 24 89 37 14 85 67 11 99 52 73 8 49 85 46 88 74 39 94 56 4 1 46 89 0 95 49 9 51 57 45 87 84 37 12 59 27 43 71 2 72 40 82 23 3 71 54 20 71 52 92 59 84 62 71 75 33 48 35 81 97 78 87 34 
10 29 8 40 56 76 62 73 99 36 64 34 35 95 19 44 47 44 12 7 64 70 43 53 23 57 58 17 26 49 29 11 55 10 2 31 5 52 21 39 19 44 34 82 50 95 13 83 70 97 86 91 8 28 77 70 27 18 28 46 17 25 93 81 51 74 73 56 63 11 62 41 36 81 63 79 31 12 4 42 5 49 37 69 21 6 59 26 92 8 75 36 90 93 33 32 27 27 51 80 
57 86 41 78 47 13 8 48 75 50 36 24 12 15 7 77 59 71 75 50 30 49 49 27 82 47 78 78 70 99 54 11 63 43 80 71 75 58 13 81 20 49 21 19 73 94 22 92 16 23 86 26 14 83 87 65 71 38 56 52 64 93 19 92 2 83 5 67 76 46 74 84 20 46 38 75 6 36 63 29 70 62 51 61 79 33 76 77 16 18 35 85 89 33 38 44 69 71 45 35 
63 27 75 30 3 75 72 29 86 36 29 14 72 84 4 56 85 2 30 57 50 7 50 23 18 23 19 63 40 5 68 71 47 28 83 6 43 6 79 13 50 74 42 76 55 89 75 98 57 48 43 9 55 89 39 42 18 51 93 48 72 47 42 58 64 96 55 97 62 37 47 78 97 78 9 89 62 37 38 68 46 38 96 11 22 80 12 7 54 53 9 43 28 27 39 73 47 57 67 42 
56 70 71 69 87 60 89 97 13 56 31 69 0 92 93 48 88 96 14 42 49 81 40 29 84 71 34 79 91 22 15 7 99 68 49 85 76 44 27 20 8 42 98 30 92 9 22 46 99 85 61 58 55 35 72 98 65 74 72 69 84 83 79 72 81 95 79 87 81 75 91 85 24 87 21 3 92 75 58 5 85 60 36 59 20 99 49 45 34 28 1 54 10 80 62 94 65 14 98 91 
45 75 64 60 84 16 15 63 31 21 63 65 14 67 29 75 21 6 33 43 71 56 73 75 46 5 53 97 28 87 14 0 9 17 56 86 88 19 31 11 2 96 51 73 68 16 62 87 25 34 38 3 65 84 76 23 99 62 25 16 25 9 66 78 39 58 21 79 49 54 94 2 91 94 91 49 77 85 32 74 32 81 69 78 82 99 66 87 6 7 39 28 56 72 4 83 65 0 8 62 
54 7 96 85 81 96 3 26 77 84 35 34 3 93 46 27 37 57 38 43 25 77 78 12 65 0 74 56 79 65 13 64 7 68 65 99 80 30 94 36 18 51 70 23 25 64 45 19 51 11 89 90 51 22 73 61 73 21 29 68 31 55 88 56 53 55 0 37 97 41 26 58 30 32 11 90 46 4 58 94 94 15 87 53 1 47 47 39 83 56 25 77 35 88 4 51 83 90 70 22 
27 19 45 9 85 62 96 39 79 39 36 99 13 18 0 47 89 33 5 13 40 27 54 67 66 62 87 0 65 20 48 95 34 74 84 12 1 80 34 65 95 44 45 91 32 40 3 77 90 14 7 31 66 55 7 11 61 63 79 28 16 65 72 24 7 96 31 68 40 92 73 89 62 74 71 65 88 30 38 38 40 72 69 79 63 61 54 8 51 54 77 35 58 5 22 68 29 91 58 48 
9 33 61 18 41 39 23 26 28 2 51 87 72 38 55 14 79 63 25 48 28 15 1 64 30 24 12 8 80 81 24 33 61 71 86 89 22 90 28 85 12 38 91 32 44 23 16 39 68 15 93 40 13 10 50 59 45 66 60 51 33 72 11 43 27 74 35 90 92 67 32 59 9 84 46 40 47 25 61 91 4 31 65 90 88 83 86 78 97 79 19 26 23 15 49 5 47 42 1 72 
28 54 69 40 70 18 67 71 58 19 14 57 67 61 51 58 64 62 47 83 25 39 14 21 46 78 23 88 41 76 12 39 72 87 24 95 87 87 84 43 59 1 55 87 79 56 97 60 46 55 66 42 9 26 2 47 95 81 72 67 42 2 68 56 59 51 37 65 65 30 55 25 21 43 48 13 14 91 57 6 0 90 59 0 46 48 50 4 20 88 90 27 25 21 68 75 21 76 36 93 
55 93 81 84 9 5 44 4 19 52 45 95 21 72 26 8 39 82 88 21 72 51 87 55 10 93 54 75 51 47 97 71 17 83 94 74 54 27 84 72 87 46 21 49 97 59 90 23 73 98 22 46 24 98 61 52 98 47 96 89 0 28 19 93 23 72 33 71 76 65 57 0 57 53 43 49 49 88 28 13 10 6 22 54 82 45 30 54 32 77 75 44 85 32 23 29 94 68 8 48 
95 55 8 81 45 81 41 66 88 16 0 81 88 76 33 74 9 20 30 40 0 9 3 89 80 85 45 87 21 7 25 61 56 53 0 46 11 6 81 60 86 77 22 44 95 46 30 61 33 67 55 30 35 66 64 32 27 37 45 84 49 61 1 29 34 60 20 4 96 36 97 85 48 93 30 53 57 86 99 64 43 83 79 17 84 39 13 68 21 11 67 48 93 98 52 93 65 62 35 99 
15 11 62 83 69 63 76 37 84 66 22 83 54 6 36 69 67 86 39 54 27 82 74 6 17 23 98 16 78 24 70 86 33 4 83 86 41 70 35 31 27 85 24 77 78 98 72 93 21 94 2 1 64 44 19 99 97 98 63 23 32 99 69 61 20 17 6 87 17 48 68 12 51 11 93 66 20 65 60 38 57 83 98 78 16 36 38 74 86 60 38 57 15 82 28 25 62 55 45 66 
44 44 23 96 31 44 93 92 15 29 87 28 67 73 95 12 32 14 23 84 47 6 88 91 40 88 31 90 91 55 85 62 66 90 68 74 19 80 20 16 91 97 99 90 51 84 61 20 47 50 50 88 56 66 77 17 50 15 77 3 13 15 46 3 19 98 87 43 15 83 41 33 73 20 90 96 58 64 67 77 33 96 15 91 2 6 9 54 17 74 59 57 14 73 52 11 4 96 87 74 
28 17 61 53 44 4 9 23 79 33 90 48 50 92 69 65 16 84 88 42 74 56 85 84 26 92 31 27 80 28 97 48 13 42 20 80 52 68 92 59 19 71 10 89 91 86 81 29 74 98 57 51 12 43 83 19 55 71 46 22 36 54 61 16 3 86 62 43 38 44 95 59 88 58 39 79 75 14 7 3 65 7 93 66 23 90 69 78 91 40 30 86 86 82 79 7 40 41 99 25 
4 16 58 24 16 10 65 55 83 24 91 20 55 35 12 38 55 73 78 46 97 30 19 99 13 37 71 21 15 68 82 40 48 84 44 30 7 72 39 44 89 85 60 52 91 42 66 37 21 16 31 51 86 69 21 38 18 57 40 33 93 21 97 81 98 96 34 88 76 54 22 67 63 7 64 75 26 15 75 23 60 56 69 28 77 49 12 31 39 99 48 91 88 58 66 11 5 80 96 54 
83 34 6 63 73 55 5 43 62 48 62 17 41 83 53 18 70 66 35 33 71 68 5 52 55 1 82 7 85 84 18 57 32 54 91 33 9 10 4 83 46 93 25 95 58 98 66 36 41 44 7 89 70 82 76 80 62 4 40 44 82 69 40 33 76 56 77 1 61 62 37 93 67 36 90 24 37 89 7 7 83 7 48 66 89 79 44 78 89 85 6 48 33 45 89 25 41 46 31 14 
77 25 63 17 91 98 26 60 30 25 95 27 27 79 46 25 7 42 19 59 61 34 14 7 73 37 46 50 70 66 31 76 35 58 0 69 36 63 68 53 83 20 39 67 86 48 93 49 0 38 19 39 46 98 5 30 94 22 11 35 8 19 83 16 41 32 46 70 26 15 26 9 6 44 99 71 82 3 48 79 4 49 93 13 58 97 83 85 21 22 4 9 57 41 36 86 62 73 22 51 
28 39 6 56 35 75 87 60 85 30 13 79 84 42 69 45 23 43 64 63 69 11 65 79 88 72 37 66 27 88 4 81 58 81 58 47 0 79 71 26 43 83 18 4 99 61 31 12 76 20 92 81 18 12 85 58 54 44 8 18 91 65 16 39 8 91 27 93 95 3 34 68 42 76 4 34 70 38 83 26 34 8 18 10 77 92 46 2 50 25 71 37 74 72 41 43 83 79 0 31 
76 74 17 95 56 31 43 39 12 17 48 10 55 19 63 15 77 41 78 2 20 83 83 69 88 65 77 49 30 59 68 17 57 70 80 55 33 94 78 12 69 26 4 93 14 97 19 47 18 94 34 95 84 82 40 22 74 76 10 94 77 42 54 2 48 18 67 3 27 15 59 4 45 73 77 10 88 22 78 19 88 67 53 88 71 54 74 58 3 25 13 82 96 3 88 91 56 26 78 99 
12 73 0 25 9 50 19 6 7 34 36 35 44 60 61 34 60 96 21 30 36 45 14 60 36 20 32 47 14 54 28 84 35 16 22 71 88 34 32 33 10 10 28 50 97 57 68 88 35 70 84 84 67 82 56 17 92 0 23 27 17 38 27 34 25 88 81 67 71 11 39 14 81 88 56 17 24 22 40 47 33 69 72 20 83 37 73 48 37 15 32 43 21 38 29 64 85 33 68 93 
8 22 47 81 49 78 58 7 28 67 27 50 61 22 61 98 65 55 15 22 22 41 65 94 10 22 79 3 63 27 49 20 13 88 85 8 85 82 10 21 9 56 33 43 7 55 67 33 23 30 55 83 75 78 68 76 33 47 8 14 55 14 54 9 94 79 69 8 41 74 94 10 59 34 84 43 8 58 6 65 28 76 85 46 36 34 54 39 93 11 34 6 2 66 84 79 17 13 67 68 
14 88 89 23 67 27 22 80 39 22 65 27 80 83 16 3 58 9 39 88 62 3 27 91 51 91 47 39 48 25 66 17 79 94 46 95 48 45 45 86 24 3 2 71 39 65 46 87 72 8 11 58 37 88 44 56 67 61 83 56 78 66 40 90 20 27 90 20 82 78 3 36 32 56 75 44 62 9 57 70 51 93 25 34 9 16 29 29 21 81 3 87 92 34 51 61 1 19 77 47 
74 36 33 79 74 3 49 15 33 91 22 63 81 1 11 67 98 85 78 15 33 85 88 48 73 12 12 82 99 70 35 18 91 73 22 71 6 95 87 11 94 99 65 87 28 97 27 23 85 78 7 22 31 46 59 10 29 28 91 78 66 44 28 1 29 95 84 7 0 52 95 81 55 4 62 38 0 43 74 30 81 86 51 33 92 97 34 2 65 98 7 77 0 73 91 83 45 57 45 59 
1 90 11 0 83 28 76 14 51 37 88 41 90 27 67 5 67 5 69 43 11 14 2 86 79 17 93 77 22 26 54 4 68 93 76 1 43 75 24 94 47 41 8 64 77 92 99 6 88 1 94 78 98 88 66 18 22 72 10 55 76 56 15 94 38 77 70 40 21 27 11 92 32 49 76 98 68 25 39 71 95 87 71 74 11 12 48 25 97 66 50 12 47 50 84 88 58 91 41 28 
76 53 91 33 60 20 70 32 22 50 39 12 77 58 33 24 68 62 12 65 13 91 61 96 72 20 33 87 88 45 41 70 49 37 4 12 97 82 71 81 52 11 30 86 66 9 52 75 80 30 77 77 93 72 26 20 14 2 25 63 64 52 89 93 54 75 84 34 22 91 31 50 40 28 38 53 4 70 32 68 87 21 85 99 6 67 30 84 34 76 9 62 71 93 46 50 58 84 45 46 
92 39 38 99 57 9 1 44 13 36 17 67 90 57 26 16 26 66 97 75 51 6 85 75 68 42 72 80 93 26 20 65 6 46 15 15 4 42 48 4 92 31 18 91 84 44 77 47 79 55 19 78 13 37 9 64 27 77 63 20 20 47 34 86 76 68 23 6 43 63 26 48 54 15 53 21 93 0 6 93 32 92 24 28 64 63 53 30 65 36 55 58 94 41 92 74 26 25 94 41 
68 25 69 33 85 81 4 56 70 95 29 21 66 27 80 22 77 29 44 84 9 97 83 41 63 18 57 73 93 37 60 44 63 62 31 55 87 15 96 57 62 79 17 12 72 14 18 48 83 28 31 43 67 63 89 41 72 5 11 62 56 56 25 94 6 59 53 85 8 42 52 39 41 54 96 49 50 4 79 13 10 34 46 66 55 74 47 20 60 73 20 98 39 99 29 0 75 49 27 67 
67 14 34 79 80 35 76 25 49 81 71 85 15 5 77 50 38 33 38 63 59 84 38 76 79 80 15 58 6 47 1 90 36 88 8 41 10 54 54 76 28 25 6 90 49 79 96 2 55 10 46 49 33 41 74 69 91 84 60 51 97 48 7 10 91 14 39 44 87 91 14 5 23 20 95 77 88 46 94 35 59 40 22 44 39 0 19 84 0 92 84 59 74 34 64 62 61 10 67 37 
35 42 59 96 14 78 92 85 77 77 21 69 13 59 55 4 28 65 55 74 8 14 3 83 24 0 77 55 45 94 32 55 3 51 47 71 98 11 83 76 47 92 7 99 57 32 6 46 45 20 48 67 1 64 41 15 32 89 74 1 91 48 9 59 66 14 52 23 42 99 25 38 62 90 37 94 47 57 1 42 33 69 51 58 70 21 21 38 73 95 67 23 59 55 48 32 97 39 39 91 
99 86 46 16 14 25 50 61 80 99 72 23 92 96 36 23 56 24 40 25 19 61 52 17 86 26 31 51 95 86 56 17 59 81 74 46 24 96 40 85 99 22 89 73 54 33 31 76 38 87 30 71 71 11 16 52 88 43 43 79 56 27 75 53 64 90 76 19 3 87 49 21 25 55 22 6 80 97 80 2 80 49 23 1 91 85 65 8 55 17 76 9 68 55 47 56 30 90 89 51 
96 26 11 34 56 92 13 56 53 82 14 68 55 82 59 91 2 71 53 0 29 92 22 53 84 72 17 94 20 86 85 84 6 30 8 63 70 27 72 47 57 6 54 40 45 62 77 44 21 42 29 21 57 12 76 82 15 68 14 70 37 84 40 47 65 57 44 54 55 18 47 96 69 27 4 94 81 57 91 52 94 16 52 38 68 17 3 57 1 45 51 33 36 22 66 31 65 56 13 24 
77 59 56 78 92 59 56 47 36 39 11 32 96 30 44 88 0 83 7 97 79 57 31 70 78 35 78 14 63 51 89 35 50 4 18 22 26 28 22 59 28 44 22 60 95 37 7 87 72 51 92 79 12 70 41 42 5 26 30 64 74 55 38 87 29 79 88 84 32 76 97 93 88 41 12 67 24 3 98 22 77 23 34 34 24 70 88 16 37 97 40 42 10 22 42 55 15 3 63 75 
65 94 34 89 24 96 36 74 38 10 93 53 89 40 76 55 35 20 1 5 68 47 69 0 76 62 38 20 87 32 71 32 77 89 38 93 89 42 19 60 25 24 56 85 95 71 36 22 94 36 60 89 8 8 77 45 7 98 49 6 1 18 12 46 45 19 62 91 46 12 62 98 34 59 3 26 23 18 60 74 9 82 33 27 12 12 95 42 31 33 85 76 30 45 53 70 43 87 21 11 
39 68 59 80 40 10 37 59 14 83 73 8 18 38 72 16 77 23 57 14 73 89 8 98 16 33 4 12 6 81 78 22 21 76 14 57 47 24 79 9 55 32 31 75 19 64 16 27 45 69 1 42 16 37 67 85 54 30 3 35 63 69 12 31 59 63 33 38 23 95 41 8 42 67 93 20 7 4 94 41 39 46 0 61 8 61 30 57 13 52 63 95 40 71 64 56 61 56 58 90 
93 66 15 27 20 82 24 10 70 54 18 77 24 14 98 68 89 60 89 69 7 47 67 73 20 88 54 86 84 49 35 34 49 61 53 78 39 79 25 38 57 18 20 28 78 34 74 15 64 88 16 58 63 96 33 73 19 2 58 51 59 69 42 85 69 56 86 82 2 17 30 51 15 24 88 61 56 96 46 9 28 76 6 95 85 9 47 54 14 78 7 91 66 40 68 16 3 75 40 67 
14 28 80 91 81 77 57 85 58 57 64 51 10 5 8 29 22 99 71 37 4 65 15 81 93 50 96 18 22 22 53 32 33 36 50 19 57 99 89 84 29 42 21 64 61 37 58 48 33 43 95 61 25 25 84 78 9 91 88 80 94 53 54 22 58 1 22 25 5 27 94 77 28 37 73 97 97 53 40 47 26 15 52 27 2 71 35 38 25 83 2 78 48 5 22 16 66 51 74 53 
85 50 5 65 19 32 84 53 94 45 98 95 82 25 41 27 22 64 12 64 98 46 71 11 43 28 27 39 47 42 95 70 11 35 5 15 19 46 53 29 93 62 91 3 64 80 68 72 69 47 74 28 31 0 59 4 64 59 55 87 68 30 5 5 33 33 68 8 15 30 14 45 57 58 32 20 12 51 3 35 20 79 3 80 36 97 70 72 89 83 79 99 6 40 63 6 59 78 16 28 
79 38 5 76 82 43 89 73 75 12 59 11 14 2 33 41 73 54 11 20 96 98 59 19 87 22 31 48 23 21 95 34 23 17 35 58 25 75 82 59 83 66 48 53 19 7 85 9 43 53 60 11 89 18 11 32 78 33 71 27 59 58 99 58 40 51 48 48 1 28 51 17 79 17 86 4 28 98 99 20 61 11 27 98 62 9 31 66 91 58 88 0 26 68 48 77 1 88 59 62 
90 20 87 28 12 97 24 97 0 99 3 86 19 41 97 93 45 49 38 20 87 47 50 47 77 85 12 3 19 8 18 39 33 25 72 80 80 78 88 91 19 78 8 90 22 89 86 95 25 1 41 35 33 54 65 3 27 84 45 59 89 23 79 76 96 30 36 64 58 56 68 35 97 55 84 56 85 1 85 33 51 77 64 27 9 90 77 29 88 26 61 6 79 13 67 61 14 67 64 85 
67 31 25 33 11 66 49 21 68 56 52 18 66 33 87 15 76 6 65 76 64 89 86 15 41 86 6 69 72 24 31 50 37 36 27 16 60 95 8 21 44 62 49 27 42 49 6 63 37 16 14 85 56 62 4 63 36 87 95 4 60 97 27 44 78 33 5 37 45 42 21 39 60 94 41 23 47 13 8 76 8 67 76 56 91 21 17 34 67 90 0 59 25 6 30 22 78 15 1 7 
88 56 67 96 80 62 28 27 42 33 31 62 13 35 75 44 25 23 16 87 86 68 23 50 76 11 6 81 67 15 53 95 11 99 80 87 8 73 50 82 18 97 33 8 25 32 3 97 43 38 40 18 22 98 5 16 15 96 37 28 59 23 74 24 30 52 42 81 97 31 46 61 24 45 23 3 95 34 55 20 24 55 86 36 14 46 86 90 77 21 63 8 74 33 76 15 19 12 26 54 
74 8 94 20 75 61 0 82 48 85 64 73 76 79 34 53 14 22 14 91 19 66 74 73 78 35 78 4 52 21 92 57 48 76 40 78 43 18 50 50 59 89 67 7 0 93 88 24 51 93 36 68 99 24 48 50 17 55 34 90 93 9 15 46 1 36 69 76 64 98 7 23 76 22 33 35 59 32 67 10 32 94 38 89 64 37 47 40 15 48 98 93 36 15 97 22 0 90 0 45 
3 2 96 84 63 56 5 21 45 14 81 47 77 27 74 13 94 31 89 50 70 1 67 94 39 67 84 57 18 71 59 74 19 47 61 65 93 96 30 56 79 38 88 10 83 59 37 93 26 44 11 97 96 36 1 61 17 68 49 62 41 48 68 74 96 64 30 67 17 76 51 88 40 51 69 15 25 90 86 68 63 2 0 69 52 40 68 54 83 44 16 26 68 83 92 18 51 0 87 34 
31 2 89 22 72 51 60 87 23 48 87 38 65 43 2 61 39 97 35 55 44 66 29 8 39 41 31 98 59 85 35 81 12 40 32 22 79 85 12 90 9 33 74 93 57 53 79 13 4 59 44 43 0 54 51 77 11 87 53 33 24 98 95 1 43 24 36 7 26 45 67 63 60 41 85 79 57 3 12 34 71 42 69 80 47 76 63 9 15 16 30 63 14 66 79 90 24 52 28 86 
8 79 51 51 63 32 58 0 12 45 37 44 44 95 87 54 78 20 6 51 59 19 37 58 54 99 79 55 96 58 38 62 46 44 41 73 51 66 38 17 63 79 10 2 4 64 50 15 12 18 98 64 35 94 88 71 35 56 79 40 46 5 0 92 23 82 73 58 66 72 4 82 12 21 7 73 78 98 73 96 62 55 51 7 40 96 61 17 38 13 14 66 38 89 51 60 83 50 98 6 
66 72 74 70 58 39 87 96 2 41 46 95 70 93 27 21 22 53 8 34 10 90 38 61 84 6 63 5 34 56 22 92 51 91 66 81 26 13 99 56 61 6 59 60 7 49 40 17 99 53 19 82 23 95 25 92 5 48 11 55 9 89 3 97 99 54 37 41 2 7 79 5 46 67 41 71 38 20 28 48 41 84 17 82 77 49 4 68 0 43 77 99 3 19 54 12 0 47 79 95 
36 65 47 6 97 38 88 23 89 48 77 73 95 38 29 78 5 22 22 4 14 83 7 17 76 32 39 65 22 92 88 50 40 52 43 28 31 90 68 8 47 99 63 25 82 31 52 1 94 99 81 57 2 92 22 76 77 98 10 98 43 76 27 0 49 74 62 14 75 30 16 7 64 79 80 48 72 19 54 76 32 85 31 59 64 26 10 69 89 35 71 17 57 82 1 97 63 92 49 48 
37 32 41 92 48 50 42 21 11 86 71 18 32 58 17 77 80 41 95 80 84 10 13 10 32 32 15 54 78 83 40 56 66 35 87 90 40 19 19 1 59 49 74 0 37 24 63 59 7 94 72 48 67 39 81 2 46 73 7 71 15 69 55 36 93 43 98 22 8 42 29 51 50 58 45 17 47 25 49 22 12 67 7 5 68 85 71 61 61 89 25 71 93 56 98 92 90 24 58 63 
10 59 81 72 66 26 58 90 31 63 75 94 43 49 98 40 82 30 35 26 12 60 15 71 56 67 96 73 77 46 19 14 40 58 34 11 67 38 30 95 12 17 92 42 89 57 86 33 26 69 40 45 48 66 27 42 12 5 63 99 19 13 4 66 81 11 2 85 87 5 49 35 78 46 9 71 89 9 42 51 18 50 80 8 27 55 51 17 62 24 97 97 23 89 38 36 14 2 51 54 
80 70 34 34 14 64 50 33 87 87 80 91 69 29 97 76 24 3 41 47 38 91 83 35 42 74 49 28 77 67 34 49 2 15 47 41 95 30 27 79 44 6 10 36 16 87 52 52 84 22 25 77 94 26 60 91 74 32 37 37 9 90 59 10 59 47 46 32 93 20 72 41 31 46 50 27 25 46 29 14 69 21 1 11 20 61 22 79 29 59 37 20 39 71 50 87 1 41 32 35 
8 90 4 20 28 86 54 32 58 47 64 10 86 42 0 40 27 12 43 23 27 52 19 20 93 58 19 97 23 75 5 36 5 48 93 64 95 40 42 70 7 14 44 69 51 58 25 13 28 43 25 88 35 5 57 38 58 84 33 39 66 20 36 18 3 50 65 20 73 51 44 25 86 20 14 87 25 78 17 5 89 2 18 77 29 12 64 65 82 27 9 79 77 16 35 47 55 32 97 49 
41 95 54 99 9 51 35 71 83 36 84 13 12 17 90 71 65 63 20 86 42 17 87 29 20 67 8 84 7 51 20 82 96 80 70 21 84 45 52 2 41 42 37 92 89 33 3 90 76 20 9 41 41 96 91 6 3 77 40 44 34 73 84 60 77 83 62 10 77 52 72 99 64 95 94 55 75 44 31 57 72 6 82 93 47 26 33 34 11 51 79 35 69 51 95 63 32 42 35 7 
22 10 46 59 91 30 5 70 86 92 40 77 80 40 32 98 89 18 76 76 39 87 45 59 78 86 74 78 25 62 96 15 75 34 49 81 42 85 60 32 34 35 44 21 97 16 20 34 18 59 5 40 64 54 62 33 52 60 65 65 97 47 59 56 22 55 74 10 81 91 80 25 92 83 16 74 37 17 71 2 22 59 93 40 4 85 21 72 11 71 0 97 31 38 70 78 45 91 37 62 
49 48 96 22 59 22 43 56 91 31 56 65 9 73 25 93 25 78 87 14 36 33 59 82 91 65 46 54 19 37 38 60 1 88 7 91 31 26 3 98 96 10 74 37 56 73 84 62 35 31 92 51 37 44 45 35 86 2 11 12 17 73 97 69 34 39 76 19 64 82 58 4 63 70 0 62 30 47 97 49 20 6 72 68 21 15 15 81 67 43 53 71 2 95 53 60 91 65 44 55 
47 25 57 51 84 63 75 37 28 95 79 26 82 33 99 9 49 6 45 20 98 26 32 44 2 11 99 14 28 94 15 35 56 9 68 59 63 37 11 18 5 5 3 46 29 6 80 37 51 61 63 55 56 14 47 30 5 17 83 82 9 86 69 54 1 1 15 51 81 72 56 52 17 77 57 97 15 19 28 77 82 4 85 98 60 2 63 22 96 86 69 93 79 70 18 28 16 17 6 96 
65 17 30 7 8 60 17 78 42 31 91 8 59 79 78 6 10 24 84 36 18 76 45 46 93 0 77 70 68 25 0 65 51 82 52 81 23 20 78 58 21 98 21 3 61 74 64 3 14 71 82 43 11 28 14 50 19 37 68 44 14 69 82 75 56 12 47 24 97 70 90 84 41 44 38 90 92 61 85 24 61 7 1 8 76 63 70 89 34 2 45 41 8 49 84 46 7 52 11 76 
62 43 87 41 69 93 33 20 56 96 34 46 19 56 52 50 76 51 91 82 97 17 1 42 0 10 94 41 8 45 72 6 79 13 58 89 85 33 68 37 14 83 26 48 62 10 52 49 68 14 42 62 40 4 31 87 66 46 88 61 44 62 34 69 35 46 11 63 77 16 5 75 57 7 63 23 16 29 85 75 2 54 74 32 44 82 69 34 45 66 57 17 42 81 64 46 78 16 42 67 
50 62 45 23 5 34 63 35 12 2 75 18 60 21 25 37 32 70 81 74 1 67 50 93 42 73 4 45 89 49 30 86 83 23 91 0 71 85 67 19 98 83 78 62 17 50 53 28 8 54 8 13 30 87 67 15 29 41 64 89 71 88 44 76 32 52 17 39 62 25 3 87 95 93 58 48 10 88 36 66 53 81 22 56 21 52 60 13 98 27 89 3 92 21 4 64 70 27 33 75 
50 1 15 92 74 89 10 75 2 37 4 83 90 3 35 58 24 32 37 59 57 30 94 58 81 55 18 23 76 34 17 58 68 44 39 94 11 53 3 97 53 40 5 54 23 0 63 68 54 85 21 2 58 54 69 59 60 12 46 61 42 51 19 32 71 68 26 60 35 38 41 59 84 29 13 92 0 52 21 93 48 82 30 62 98 31 0 30 48 63 67 65 41 60 91 34 83 36 81 63 
45 61 32 67 9 48 50 52 50 71 30 30 76 7 58 98 84 97 80 50 58 92 83 59 20 71 55 88 21 55 64 19 57 5 19 45 74 25 26 99 8 37 82 98 1 63 94 46 73 16 5 59 64 4 44 76 39 30 37 9 92 87 55 14 64 17 16 13 83 68 3 32 59 94 37 10 48 68 74 16 92 53 39 22 69 13 59 24 3 80 99 38 4 43 50 47 1 11 73 45 
3 38 30 32 93 83 91 66 36 89 57 58 85 70 18 59 37 20 52 82 63 29 3 6 89 11 36 88 84 2 75 40 94 73 10 15 20 14 75 93 45 42 56 92 8 64 77 45 93 41 2 39 47 52 54 66 44 99 51 78 6 34 14 88 80 30 33 72 56 92 95 7 19 23 36 87 58 96 61 85 24 41 43 22 60 91 87 98 24 95 85 4 5 83 81 2 46 18 73 67 
27 94 89 50 95 81 47 78 46 92 46 34 78 98 25 68 84 49 12 69 14 40 83 91 32 93 6 53 3 87 59 9 75 54 98 83 36 10 25 78 28 46 12 45 0 42 21 20 54 66 71 39 92 84 76 70 12 40 87 69 91 43 7 78 84 46 37 65 39 55 64 7 37 48 11 58 93 15 23 95 71 79 45 93 0 64 14 82 87 64 93 4 15 36 17 93 84 73 20 6 
90 76 7 24 84 56 62 68 57 15 6 85 57 22 18 39 42 33 3 74 72 73 64 64 70 4 76 51 49 70 65 74 39 86 49 98 25 93 23 32 85 80 4 53 7 32 10 40 12 89 96 0 31 4 40 85 80 94 94 52 30 71 61 98 98 71 75 68 96 47 20 93 68 72 67 40 97 9 44 53 36 50 41 21 69 63 0 24 66 5 97 71 28 43 32 30 37 9 21 51 
74 5 82 56 54 94 0 25 80 54 46 90 70 14 98 7 5 19 57 61 75 55 34 60 14 18 74 41 26 54 10 3 86 21 8 80 24 6 59 93 19 29 46 54 24 95 83 34 3 9 32 35 83 39 69 76 44 96 51 0 61 80 20 87 33 46 4 14 49 76 20 7 58 68 9 73 44 56 67 17 36 67 43 42 62 37 57 83 83 5 62 94 96 6 45 71 94 64 4 1 
33 60 82 68 50 65 71 32 2 8 39 17 91 27 14 4 9 77 40 52 5 41 12 72 85 36 34 36 61 60 22 74 4 26 27 52 94 50 71 39 28 13 7 30 32 88 39 94 87 35 8 96 32 68 41 1 39 22 91 98 70 80 99 53 19 94 57 6 34 17 19 93 84 14 35 26 68 81 16 83 49 39 10 2 0 10 61 46 3 63 36 52 38 73 86 17 33 64 97 23 
91 60 57 51 57 3 3 88 18 72 78 61 77 65 42 63 16 96 84 91 44 77 13 95 56 19 34 7 59 52 54 98 64 38 2 60 0 88 46 66 82 88 61 44 53 2 59 15 36 48 57 43 26 31 13 2 97 31 30 46 71 59 26 3 33 7 38 25 56 25 86 25 37 93 37 73 81 56 67 97 28 60 37 71 9 6 89 54 39 87 0 23 7 95 27 84 86 27 53 73 
65 54 65 28 69 79 18 76 28 85 88 57 69 86 13 98 46 64 5 39 80 29 38 77 99 93 27 59 24 50 38 26 95 95 76 20 13 74 47 8 90 91 71 89 18 16 74 5 20 18 17 52 24 67 72 9 73 98 12 88 94 68 86 57 75 21 34 48 46 2 42 82 59 95 80 18 7 36 19 95 8 28 33 61 53 11 40 43 51 5 90 72 85 65 30 68 64 14 41 37 
90 55 53 97 52 34 31 19 85 0 79 1 12 75 44 80 97 31 45 58 49 89 59 19 32 29 99 83 46 11 47 82 12 89 69 82 15 23 32 1 7 95 21 39 2 13 67 90 27 37 90 26 9 44 65 76 15 77 68 49 2 97 29 56 24 60 49 52 27 97 70 83 77 36 18 88 38 56 34 50 64 32 88 76 73 77 42 0 26 27 40 7 7 2 79 3 51 57 87 16 
53 6 26 91 7 9 46 80 74 90 65 58 35 20 19 96 40 79 44 86 2 28 26 84 65 44 45 42 28 98 49 70 95 13 28 25 58 29 81 8 96 89 0 86 80 5 31 26 71 56 12 39 22 97 39 69 73 85 91 66 0 37 68 37 8 34 96 59 65 76 70 88 16 43 30 15 52 87 43 68 25 63 5 34 14 12 95 6 58 39 4 74 57 56 16 61 17 97 29 74 
45 98 99 92 40 22 37 33 81 2 12 13 86 36 73 92 47 55 46 94 8 33 57 43 37 9 65 16 1 46 89 24 89 75 54 82 38 45 19 99 78 82 31 43 98 63 78 5 72 36 48 94 72 47 74 84 55 10 95 91 72 77 14 41 1 83 92 81 5 16 29 49 92 59 94 62 38 44 9 36 13 69 24 21 92 5 3 22 68 41 49 41 34 98 5 25 65 3 41 31 
66 51 3 93 89 65 97 4 9 32 38 61 43 61 71 48 43 51 8 85 47 17 80 4 88 69 74 55 10 73 97 68 8 82 68 44 80 65 46 50 40 57 93 25 44 24 53 38 22 9 72 76 40 82 8 16 29 31 93 47 71 38 59 53 11 61 69 29 85 17 43 51 89 36 50 20 15 61 74 80 27 51 37 40 8 15 21 30 46 38 81 26 68 71 64 34 51 84 39 78 
