69 86 30 36 78 33 76 38 89 18 34 53 13 69 25 28 22 94 79 62 89 31 83 60 94 78 84 18 65 31 60 95 43 65 85 68 23 97 88 81 88 30 45 58 33 31 81 97 98 62 77 15 4 31 28 52 92 33 63 70 52 66 68 93 63 44 21 93 31 86 94 60 39 37 14 23 29 25 68 14 96 96 48 18 67 40 62 83 42 38 45 78 5 65 25 92 94 17 21 87 
41 14 50 93 51 44 22 63 79 56 40 52 57 34 28 22 44 12 53 8 45 63 46 20 46 25 6 51 83 75 75 47 20 40 36 36 6 17 21 87 51 6 31 58 64 17 21 4 33 14 91 88 40 79 17 35 57 84 74 3 18 37 5 61 61 39 79 55 70 93 31 58 7 76 98 53 45 85 3 63 93 61 82 58 11 17 47 13 18 72 46 91 68 29 36 8 54 5 69 55 
51 4 39 33 41 83 53 65 9 74 85 24 9 55 55 27 91 47 28 75 31 91 26 64 43 70 32 89 83 9 72 83 68 87 43 59 5 26 24 97 39 57 49 35 96 11 22 79 87 0 20 92 34 35 69 10 70 12 61 31 58 75 12 92 17 36 33 37 81 48 63 58 0 32 45 67 30 57 51 37 87 40 54 33 55 74 53 92 50 75 90 87 21 7 3 77 10 53 46 31 
79 51 69 31 30 5 94 49 16 41 62 33 87 31 32 17 16 62 40 14 97 75 25 28 39 93 40 4 0 96 50 88 2 78 67 41 51 6 20 36 84 91 62 5 68 37 56 61 71 2 79 21 34 64 76 55 9 69 70 17 18 31 16 21 51 88 65 51 59 5 50 37 97 83 44 98 13 18 35 0 63 14 38 65 34 22 20 24 21 87 34 65 76 85 54 93 85 27 27 2 
64 29 14 19 8 45 20 67 23 3 45 63 37 30 73 37 43 66 73 46 29 47 84 72 94 49 74 60 92 86 33 6 52 46 46 75 35 85 58 38 76 82 65 34 28 2 28 38 87 6 54 26 13 33 32 33 5 85 93 72 93 73 50 50 90 15 83 20 89 60 42 11 94 48 13 56 0 62 26 39 6 23 17 91 16 10 5 89 56 16 27 99 94 44 4 59 19 34 97 27 
42 76 11 95 77 94 75 30 77 90 20 25 78 62 52 26 6 24 21 15 68 66 31 69 6 39 65 36 62 30 63 28 63 90 59 38 3 6 72 11 16 50 42 16 1 97 88 6 83 40 46 0 76 23 31 67 94 79 98 90 51 95 95 74 79 39 96 31 62 74 32 48 64 22 48 39 79 42 89 32 40 71 37 36 24 43 85 37 56 34 46 36 30 89 75 46 50 9 19 71 
58 20 15 44 98 35 10 30 26 67 54 28 64 75 34 90 36 46 58 46 15 57 47 63 56 68 88 11 93 38 16 93 33 62 88 32 88 95 23 3 40 50 89 5 39 66 1 2 49 52 50 51 23 49 19 2 96 57 90 30 55 41 22 10 13 55 53 27 36 99 0 71 61 62 0 3 42 67 81 89 42 78 65 67 61 60 71 90 95 10 5 18 44 85 30 41 1 46 80 42 
70 20 9 61 71 6 28 52 80 53 79 39 40 10 43 67 4 24 27 75 43 16 28 16 65 88 85 11 78 89 46 45 76 16 2 71 68 88 57 1 17 82 15 15 77 61 59 46 56 23 3 72 74 96 24 56 13 81 81 20 67 31 59 91 8 93 87 73 91 79 99 97 17 61 61 86 71 16 26 25 82 19 31 10 4 32 62 93 48 44 70 43 40 88 2 65 10 74 55 80 
93 11 41 6 37 42 13 32 14 21 60 48 73 27 94 20 55 46 43 72 58 5 22 93 46 72 61 38 56 26 20 48 5 88 41 84 60 97 82 35 40 90 49 82 85 74 69 11 97 20 10 64 60 44 95 25 75 63 86 75 48 7 80 68 67 74 21 48 35 78 38 90 67 33 45 51 66 6 80 30 78 4 6 62 61 21 31 4 1 73 70 28 49 48 88 44 99 70 46 70 
69 89 63 27 23 64 7 9 61 82 71 34 56 13 10 17 70 12 92 29 72 79 5 76 16 37 16 86 34 38 80 13 62 78 34 55 10 58 32 57 42 10 10 19 69 58 75 38 17 77 63 13 83 23 54 19 4 38 87 7 47 43 90 97 46 14 7 53 46 91 52 98 75 82 80 20 64 57 85 24 65 89 43 7 38 14 87 86 25 35 82 34 58 13 50 68 82 43 61 42 
26 3 99 14 22 38 19 82 70 17 64 64 3 70 58 68 21 61 2 25 55 92 66 29 36 45 98 92 21 30 98 85 23 2 45 53 6 34 53 56 90 86 4 6 49 61 14 96 29 66 8 75 67 21 21 64 88 29 47 29 79 24 0 51 20 28 65 84 11 6 91 99 40 4 0 53 82 83 40 62 65 39 13 37 56 86 19 52 70 27 77 28 33 51 40 15 13 17 69 67 
86 79 32 46 48 47 54 66 42 70 52 15 17 14 97 30 19 0 86 45 83 62 39 28 86 57 10 30 42 41 71 17 2 83 94 2 87 91 32 32 98 12 18 74 14 97 39 67 74 53 97 2 38 93 87 30 38 68 53 52 92 68 88 10 96 39 79 14 40 8 6 60 81 39 25 36 63 23 29 84 7 91 15 60 91 74 75 86 18 26 3 80 62 34 39 44 30 16 12 3 
4 71 86 49 15 37 15 1 48 91 85 76 94 36 25 90 11 96 0 75 13 58 42 19 25 7 82 41 98 92 69 65 17 82 83 24 52 5 14 44 69 3 32 91 41 30 63 77 9 43 90 34 75 68 7 16 99 52 43 13 52 37 14 67 33 14 76 33 9 91 71 17 67 58 66 7 50 63 52 8 9 71 45 54 80 47 90 56 18 35 51 65 74 29 95 54 80 36 18 47 
61 59 86 9 61 20 50 53 48 41 70 48 47 96 33 88 5 33 35 2 58 86 38 56 74 98 15 41 32 46 97 63 45 53 10 20 84 53 86 88 60 83 43 33 72 38 61 44 50 13 69 55 69 35 8 72 55 91 31 53 11 50 37 0 60 5 53 53 79 53 76 89 5 24 56 74 39 45 70 85 77 23 46 23 53 44 33 54 18 32 51 21 13 43 29 3 66 23 41 21 
34 80 29 63 27 54 77 56 53 33 72 99 12 84 0 57 21 76 52 68 22 1 39 18 44 56 39 3 51 67 51 43 13 31 21 68 3 4 94 6 28 50 51 3 6 58 20 77 26 86 47 6 55 22 7 56 62 23 1 29 0 45 51 48 61 96 31 24 36 90 83 89 90 76 22 33 39 66 81 85 67 72 64 12 69 35 26 54 98 39 16 28 24 17 60 36 1 68 45 9 
54 80 39 12 79 56 43 80 56 4 49 14 92 89 87 24 77 32 50 41 61 64 24 42 96 88 84 46 33 72 13 52 85 54 43 56 74 36 68 33 92 89 70 47 54 61 74 73 82 85 53 84 38 94 68 96 14 12 81 30 70 94 24 79 50 76 63 77 3 26 62 0 11 15 82 66 87 44 12 77 21 14 64 24 65 89 62 16 44 95 96 77 99 28 6 38 96 59 19 2 
38 32 53 43 10 96 3 99 74 58 64 44 21 91 62 12 82 5 52 78 42 23 61 83 56 56 55 33 35 29 87 67 64 0 9 25 72 58 9 15 0 59 59 76 42 1 49 69 82 70 59 17 26 66 60 20 22 36 66 27 36 63 26 18 7 69 33 24 17 79 30 86 71 31 65 30 68 78 11 26 64 4 39 94 78 74 33 30 52 83 77 72 34 58 49 36 42 10 66 77 
54 85 45 27 98 95 18 89 48 75 57 56 41 32 48 25 38 49 35 36 18 84 26 45 58 16 92 48 50 97 84 47 90 50 89 94 5 65 25 54 21 89 79 35 35 72 13 17 8 38 11 92 65 89 54 82 26 99 7 83 65 33 67 87 89 65 83 85 33 26 96 60 59 2 57 82 48 13 4 34 22 73 93 2 52 45 72 38 92 45 66 84 90 54 99 72 84 2 67 34 
57 59 9 25 59 80 23 58 60 8 83 65 3 2 97 71 15 36 62 98 35 76 96 29 14 96 64 71 62 49 68 53 41 46 81 57 48 34 64 94 29 7 23 90 76 21 58 15 38 74 6 33 28 95 11 70 32 91 17 75 7 10 0 95 86 65 64 61 14 60 53 67 25 28 99 12 52 74 70 53 78 71 94 40 6 89 41 5 20 75 19 65 35 73 61 83 43 63 13 29 
37 33 14 24 28 85 53 24 43 89 7 18 42 7 80 38 65 96 39 99 62 80 98 81 19 70 40 18 36 83 22 40 98 51 27 86 96 96 99 77 21 42 98 77 11 59 60 8 98 63 77 31 59 2 86 18 94 53 41 40 6 3 49 71 0 21 92 17 67 40 23 48 87 25 27 75 79 1 96 18 56 58 14 46 86 38 83 65 24 90 92 28 36 98 95 49 12 99 24 52 
56 29 7 33 0 78 62 28 52 10 23 91 87 65 95 7 63 18 96 97 70 62 37 71 18 76 28 99 93 93 97 4 92 75 43 91 52 94 26 63 82 27 40 80 67 80 85 40 91 35 30 51 51 31 75 32 60 9 52 97 67 59 1 88 42 90 57 66 92 75 29 77 27 90 56 56 33 84 34 17 45 86 33 18 48 47 91 44 79 73 6 78 18 2 81 65 58 50 12 31 
67 43 29 77 97 73 47 52 84 71 78 19 49 94 49 83 71 4 57 87 38 36 3 70 95 40 0 66 0 63 71 14 17 68 11 75 8 10 57 55 80 22 79 66 68 82 30 50 26 80 33 76 78 2 23 90 1 78 44 32 9 37 39 34 11 36 42 29 90 43 1 78 42 61 12 81 81 12 63 18 77 33 95 67 82 43 50 78 8 33 15 74 68 12 20 32 12 81 44 29 
17 3 32 56 21 1 72 1 44 3 38 7 86 9 6 30 82 91 36 65 13 39 38 49 38 60 21 44 12 21 23 79 76 25 39 86 93 96 12 65 26 78 81 98 75 31 88 98 18 83 5 8 7 46 89 53 93 86 24 25 64 87 8 56 64 79 12 48 31 24 0 58 38 91 89 91 95 6 75 21 43 49 16 87 42 84 32 17 20 60 39 23 15 95 79 76 88 60 79 53 
70 71 27 67 4 29 93 50 91 56 24 19 56 90 98 37 35 3 15 22 12 51 87 79 9 9 4 94 68 36 38 98 6 79 35 89 92 76 67 53 70 88 46 52 65 35 19 18 29 97 41 47 79 60 20 53 82 72 35 10 72 35 23 6 60 99 54 28 19 16 77 79 32 54 7 55 59 46 47 83 60 80 99 21 40 22 98 32 35 51 79 62 73 53 72 58 87 3 33 27 
40 33 4 58 41 90 85 36 1 89 54 40 61 11 33 71 91 68 45 61 59 19 29 95 94 87 91 90 63 75 40 75 60 43 56 46 22 16 21 80 3 23 47 56 27 34 71 38 76 64 92 39 79 5 33 32 68 95 56 97 1 82 31 59 94 27 85 57 94 65 35 75 86 39 7 20 46 41 29 2 16 73 40 59 42 81 87 95 38 38 49 63 31 42 14 16 66 63 7 60 
70 19 71 84 17 99 14 11 66 40 38 14 75 59 93 5 60 7 47 20 92 40 84 33 24 22 84 17 48 32 9 50 92 79 25 48 72 94 20 2 36 55 92 3 95 49 55 80 73 56 16 84 98 94 51 39 33 67 90 79 57 11 84 44 98 58 76 42 75 80 45 89 27 90 61 36 66 5 2 48 50 50 88 35 69 86 36 4 16 75 32 22 84 78 92 21 88 86 97 55 
95 13 48 23 8 1 42 22 87 86 81 66 18 58 73 60 92 74 32 77 20 59 66 41 37 75 65 43 84 8 40 78 43 13 23 12 5 25 14 76 3 52 41 10 1 37 4 92 71 12 2 61 21 79 64 4 65 8 3 2 44 53 81 13 76 36 32 25 81 80 47 23 68 92 35 15 52 86 65 34 19 86 44 53 92 80 53 93 95 55 9 79 84 64 16 33 28 35 76 86 
49 35 91 90 84 64 48 42 18 24 27 63 90 15 60 73 64 20 82 85 35 19 57 46 46 32 56 88 82 60 59 10 95 75 23 18 63 57 43 7 39 53 15 66 91 83 55 96 1 76 83 11 1 72 89 30 4 67 38 98 59 28 20 70 22 30 67 83 28 91 11 17 19 20 74 68 99 41 5 58 24 37 44 32 58 86 86 84 26 92 82 94 33 55 36 26 38 50 39 72 
15 87 51 36 23 57 66 37 76 3 86 17 84 78 37 23 13 96 63 51 70 47 28 13 47 26 88 1 72 33 3 78 68 63 32 21 11 43 75 44 89 20 46 86 25 50 53 62 83 4 42 0 98 52 4 98 97 51 22 3 50 25 46 0 80 73 90 84 1 44 39 6 87 36 36 8 24 95 42 37 99 45 9 54 57 11 89 2 20 80 58 69 95 53 73 79 54 31 33 60 
11 3 80 78 65 99 9 44 12 96 34 10 69 20 57 62 64 12 17 17 63 24 86 91 20 97 44 30 70 55 4 78 16 81 76 21 91 86 25 81 89 57 14 14 81 91 14 96 89 55 74 74 54 26 64 16 39 49 71 42 20 60 17 21 57 88 89 38 49 7 8 65 44 62 22 60 64 91 48 19 38 24 65 82 97 96 54 85 55 17 18 11 9 58 22 98 32 81 68 74 
68 7 22 96 63 43 49 29 97 84 91 52 7 87 18 52 77 45 86 29 69 93 72 40 85 96 40 9 3 68 16 44 51 58 66 36 97 84 41 80 33 99 82 6 55 25 44 9 54 13 97 69 8 17 3 6 6 20 59 41 26 41 55 77 82 5 46 98 51 49 28 43 2 62 62 82 2 36 9 44 34 40 22 16 64 45 69 60 46 73 38 10 19 37 27 69 26 82 64 93 
31 18 95 22 18 35 75 71 96 65 31 30 35 66 71 7 53 81 15 95 52 99 7 86 28 42 61 27 86 67 97 14 68 87 46 30 1 76 69 58 82 9 15 74 52 27 86 2 56 45 4 42 89 74 32 62 93 30 5 64 14 26 92 52 90 0 72 87 17 79 28 83 95 46 21 61 26 63 48 48 12 74 90 42 91 70 14 61 48 83 27 35 7 65 63 53 50 18 19 52 
80 98 71 9 3 2 24 15 75 74 9 90 57 86 39 74 80 96 93 88 59 39 14 33 72 19 28 53 67 83 13 26 45 91 56 24 35 88 26 35 29 64 21 23 24 14 76 27 16 22 77 14 18 45 76 61 29 56 44 77 49 89 7 16 13 45 9 42 9 91 73 94 64 66 39 4 68 75 13 29 38 53 9 25 75 69 39 96 7 7 67 45 37 74 37 7 63 16 27 28 
12 89 38 35 99 78 93 12 77 99 78 15 66 94 39 5 12 90 16 86 48 74 93 64 98 28 26 18 19 88 42 81 89 37 13 15 98 1 9 84 0 36 55 94 28 47 17 59 40 74 75 22 75 88 86 99 28 89 84 14 18 81 57 47 46 39 6 93 69 32 88 48 12 81 79 85 1 46 64 83 96 0 3 37 17 77 45 5 84 47 73 99 38 79 77 2 18 15 48 38 
69 65 66 87 17 46 39 77 36 57 3 96 11 96 74 66 84 73 43 99 17 69 42 16 6 66 79 11 2 69 89 58 60 66 46 46 16 58 11 1 97 82 96 43 13 74 46 58 63 37 52 48 7 43 27 18 23 22 73 98 21 53 99 36 89 26 6 20 68 27 91 30 61 84 73 91 22 91 0 96 22 95 16 81 63 1 84 64 39 95 75 6 95 99 99 28 41 41 56 2 
29 12 95 12 78 26 68 97 91 25 68 77 70 40 83 50 51 59 53 19 13 2 39 75 4 60 32 0 18 34 45 71 83 89 22 62 19 74 15 13 63 97 2 1 30 32 68 98 74 85 97 58 81 17 15 99 25 66 96 21 63 31 57 0 7 78 30 45 89 55 54 42 10 15 9 43 3 60 57 58 21 27 29 62 28 53 65 28 61 30 37 38 1 55 48 48 8 55 57 60 
46 29 31 17 69 36 46 83 99 14 40 85 46 45 85 51 13 23 15 38 8 85 93 68 31 30 5 36 55 73 0 84 53 56 20 57 99 62 93 78 76 16 41 96 32 55 53 56 40 33 93 30 63 73 18 6 65 76 94 40 42 2 38 96 91 28 75 74 92 83 82 28 2 20 58 62 55 18 73 77 62 25 37 91 45 60 84 86 95 13 9 59 95 27 73 89 46 69 46 38 
69 29 29 0 55 80 90 44 20 76 72 59 38 42 50 6 70 84 57 81 22 62 51 54 66 85 91 58 89 71 54 7 73 90 74 39 61 15 36 29 26 90 31 86 76 19 3 43 51 7 48 6 93 73 55 68 1 58 33 76 29 87 90 97 48 65 72 33 55 9 69 94 69 1 82 50 93 30 9 33 23 4 60 17 33 63 63 78 42 48 27 87 56 39 52 17 63 34 4 73 
18 45 65 75 70 31 81 81 83 14 44 93 90 99 78 12 76 17 17 11 61 33 17 10 73 48 2 30 17 96 98 91 41 73 0 59 48 90 32 86 57 39 28 34 12 28 46 24 40 49 30 20 20 47 71 70 60 99 41 94 66 1 38 28 28 72 90 99 47 65 94 79 32 73 44 25 14 82 87 68 49 40 18 85 13 0 40 2 74 10 9 18 34 76 96 68 27 26 50 98 
8 91 49 12 38 84 50 54 79 31 51 26 5 3 33 37 28 90 97 79 18 99 10 8 2 65 59 62 99 11 69 21 34 90 27 15 50 72 36 72 88 63 36 58 94 17 99 4 47 28 2 84 72 13 24 56 81 64 72 75 79 8 71 56 85 65 81 53 89 69 31 15 16 44 95 29 8 25 71 68 48 38 67 70 29 35 62 82 76 50 31 42 20 59 48 78 21 32 83 72 
17 40 34 16 63 91 68 47 49 5 46 2 2 64 24 69 60 47 9 25 86 45 20 8 13 73 32 91 95 91 92 20 80 47 15 27 61 4 15 59 39 0 57 37 10 30 56 16 13 60 17 17 39 58 39 89 98 26 54 20 54 26 86 21 98 87 8 27 3 67 48 86 1 82 69 59 67 8 5 88 80 54 10 83 59 13 11 12 59 59 51 49 75 65 63 38 1 21 59 49 
8 77 98 55 44 27 21 48 29 90 25 4 34 37 80 71 63 15 46 73 57 78 63 85 61 24 40 43 3 43 42 21 24 12 50 71 51 7 56 73 48 44 29 21 90 21 90 48 98 18 70 82 99 89 98 57 76 99 21 49 24 11 6 21 96 2 12 10 18 26 81 26 69 27 80 6 77 14 37 11 68 92 68 48 69 94 36 56 48 67 65 76 30 83 66 96 27 25 72 87 
85 88 45 26 99 5 64 32 34 24 93 79 46 23 71 62 32 99 25 59 98 22 50 15 35 85 12 4 17 75 78 62 37 29 32 78 42 99 15 78 77 91 62 29 59 13 37 50 58 71 84 38 77 6 70 35 27 4 98 70 95 27 57 32 73 17 94 49 95 74 94 1 2 87 84 24 31 77 72 80 38 46 66 84 61 45 10 43 72 96 53 5 80 72 31 37 97 21 22 92 
81 80 41 93 50 17 38 25 19 82 69 97 33 87 31 81 91 13 74 56 20 48 5 78 92 52 34 56 66 39 42 22 88 83 88 25 4 83 74 80 1 10 44 16 85 32 7 39 66 64 17 61 58 14 22 16 8 54 59 42 75 37 84 76 33 29 83 6 96 55 74 24 56 56 97 63 81 8 57 55 82 40 17 23 91 45 3 36 3 18 13 91 0 77 13 14 55 16 29 19 
99 35 59 89 17 36 48 99 86 15 51 20 64 60 0 46 30 25 58 45 9 96 30 2 98 25 97 19 94 55 15 21 0 89 21 29 86 42 36 98 43 14 23 80 95 59 19 5 35 38 93 76 58 60 24 19 64 7 43 35 15 6 17 11 95 83 51 17 90 86 22 72 40 99 82 71 23 91 6 21 42 33 21 85 7 26 32 23 10 21 61 28 44 81 99 62 61 83 83 60 
50 60 18 41 9 31 4 22 88 23 53 53 32 24 58 51 75 30 10 6 57 90 93 19 8 36 73 18 85 52 47 44 16 9 24 64 95 70 69 85 95 39 0 66 32 56 19 11 10 21 34 31 72 41 88 59 84 47 42 66 31 54 48 21 98 19 92 9 53 9 60 3 39 71 42 99 46 10 30 92 53 97 0 35 67 32 66 82 22 38 96 35 43 49 58 64 40 99 62 53 
15 70 30 40 49 99 92 37 55 64 45 47 43 39 55 65 63 54 78 84 25 81 73 56 10 65 20 69 5 6 57 76 30 10 35 90 8 55 22 32 22 59 93 51 77 12 4 38 94 95 18 18 98 96 2 42 63 30 80 23 57 42 58 1 85 18 35 30 68 84 16 47 83 76 38 69 13 26 67 49 75 11 12 28 99 87 98 4 47 0 20 7 52 61 29 25 48 49 58 3 
37 80 50 82 91 18 79 61 9 11 52 31 27 54 57 13 22 43 95 3 53 35 93 52 78 65 54 19 0 86 35 67 88 20 83 18 37 28 90 70 45 41 55 60 20 45 53 29 19 94 79 66 45 23 19 87 80 40 72 28 32 19 4 10 52 65 96 71 97 44 41 4 67 78 87 15 1 34 72 62 36 61 23 98 3 88 58 95 34 17 40 3 44 63 67 41 93 21 89 64 
88 73 77 24 13 29 53 53 26 6 18 14 15 41 23 47 52 51 37 17 74 47 3 5 85 70 1 64 32 82 50 30 5 19 10 82 50 50 5 69 0 78 2 81 28 84 23 60 59 98 89 17 34 96 91 98 13 19 82 34 52 50 51 77 24 82 24 90 75 80 51 68 70 96 69 84 37 20 91 34 36 14 47 50 73 75 20 25 67 28 25 0 33 83 51 48 61 66 2 78 
43 9 51 61 28 10 3 34 36 28 46 68 44 52 81 28 44 48 28 98 92 44 48 69 84 52 96 63 81 39 38 41 6 40 53 65 79 98 56 33 80 72 25 35 82 95 99 57 62 27 5 75 82 12 37 38 36 40 20 87 27 33 54 93 76 25 20 40 70 74 16 70 18 27 56 50 34 58 47 26 39 72 29 49 76 42 17 26 21 21 72 20 84 48 79 38 62 68 73 17 
97 80 74 31 93 87 51 70 57 59 67 58 11 27 26 59 22 79 48 46 63 42 28 69 50 80 45 10 99 18 20 4 97 62 27 88 77 95 42 91 54 9 80 91 15 49 49 79 49 67 25 66 83 3 43 87 35 93 87 90 52 9 53 15 53 27 7 36 39 75 12 80 9 87 38 25 42 80 29 61 60 47 50 77 28 56 31 30 27 52 43 61 79 54 83 3 61 83 46 0 
37 67 35 49 46 7 97 17 85 9 60 98 8 25 25 64 39 29 22 93 57 47 55 88 34 54 44 99 57 38 52 56 98 27 1 52 6 80 17 47 90 77 48 22 19 42 55 34 55 71 33 16 37 76 32 98 65 87 86 37 62 64 28 7 3 60 55 10 4 14 25 18 75 34 22 4 35 71 84 16 40 76 72 12 19 61 90 73 14 15 82 61 3 65 56 77 34 52 92 58 
1 85 55 59 12 54 98 93 8 15 24 33 54 89 58 65 7 96 45 53 55 16 56 20 89 45 46 88 98 4 66 2 36 34 9 89 67 87 76 40 96 9 54 98 86 38 73 38 78 72 84 3 20 52 19 74 71 40 51 9 63 5 47 54 25 67 92 17 6 3 11 10 45 59 64 78 19 0 43 96 88 8 64 79 67 61 5 86 77 86 22 43 26 85 56 71 32 57 11 10 
20 84 45 2 38 96 40 71 97 65 21 46 71 30 45 56 22 73 28 97 51 84 17 7 14 30 73 13 30 76 80 25 30 96 36 93 8 88 39 90 93 7 11 73 73 57 91 7 0 59 93 18 78 64 62 52 11 2 58 83 70 93 13 78 83 54 1 35 62 34 57 45 6 48 32 64 85 41 66 55 14 7 60 2 57 28 55 12 34 83 31 22 48 42 59 72 87 22 72 47 
52 32 57 68 68 62 98 84 76 2 42 21 71 25 69 12 28 70 58 47 26 3 91 49 41 29 74 4 47 12 36 66 78 13 41 14 0 68 35 1 93 56 22 76 3 97 83 49 48 24 75 10 55 40 95 21 32 16 82 93 29 20 35 59 17 6 79 32 89 38 28 62 28 55 15 21 11 95 56 21 80 80 80 77 57 89 19 1 53 73 42 84 60 90 59 7 56 37 12 58 
79 87 77 84 49 79 69 44 81 3 54 11 68 4 11 79 57 26 59 30 81 63 52 44 61 46 89 29 28 3 16 19 46 53 6 26 5 76 96 24 35 89 2 7 69 55 18 73 79 43 31 88 67 49 78 66 82 0 25 86 44 28 70 67 95 83 55 21 23 95 15 34 21 1 7 10 13 89 79 38 5 48 66 58 11 29 25 29 2 41 51 45 24 73 60 79 53 45 19 8 
7 46 84 65 46 8 67 56 15 33 79 15 13 65 58 36 89 30 97 10 93 75 74 84 36 92 4 55 49 88 47 72 38 7 89 38 14 52 28 25 28 77 73 64 78 98 9 24 58 48 70 37 24 91 19 80 93 42 91 50 2 38 7 97 11 56 27 60 57 34 96 99 54 76 19 4 32 3 84 95 81 75 91 65 22 62 98 59 18 48 13 13 60 76 19 46 98 35 62 64 
68 67 89 9 4 86 11 43 40 85 62 68 71 35 9 71 11 38 43 17 11 29 66 15 67 30 59 23 16 86 62 42 2 41 83 53 71 28 78 50 25 26 45 97 83 88 8 58 12 25 38 25 52 36 49 53 28 45 18 37 92 15 94 5 75 70 40 71 21 52 88 17 40 63 19 78 85 23 12 51 4 38 55 28 34 91 32 79 10 79 77 40 98 29 35 93 64 45 75 81 
69 43 77 23 31 49 25 84 21 62 45 69 27 44 17 10 57 77 49 36 73 73 4 55 55 99 94 36 7 74 87 36 72 21 20 9 40 78 23 27 16 58 34 17 86 61 37 98 35 46 45 93 74 20 87 15 58 31 48 83 75 12 65 35 68 35 59 3 39 4 93 58 37 68 45 95 12 52 43 92 94 10 63 73 96 91 62 92 11 92 84 81 25 69 81 11 36 99 72 92 
90 53 67 70 64 42 12 22 97 65 87 65 37 20 53 24 51 41 24 33 70 18 53 28 51 64 31 11 36 95 76 52 87 7 64 30 90 98 72 47 61 28 5 33 81 23 29 56 48 76 19 58 64 77 42 16 36 1 26 53 5 33 91 88 85 29 57 79 82 54 33 5 21 21 88 15 49 96 81 95 85 47 45 28 68 69 12 94 93 0 67 61 26 63 36 56 65 27 6 64 
88 92 38 89 20 72 45 44 81 52 31 29 97 58 55 79 3 26 91 34 97 97 75 36 91 60 41 71 6 97 23 42 1 94 69 18 31 21 72 19 25 35 40 71 37 57 89 18 64 13 11 31 16 9 19 18 72 67 64 42 12 79 72 9 24 74 40 33 52 28 53 53 10 21 3 89 95 80 2 30 63 24 8 73 14 66 62 86 54 94 70 64 51 33 72 0 73 11 72 33 
46 2 56 30 39 87 90 74 82 75 8 39 20 24 17 74 52 21 83 29 65 16 63 94 84 63 61 59 73 17 21 43 34 97 36 73 32 35 99 10 43 74 5 39 68 42 15 64 81 2 45 74 75 5 11 8 34 93 65 72 30 36 14 7 2 86 71 82 82 11 7 39 80 89 78 73 82 68 78 71 85 58 1 26 2 69 57 9 86 27 93 96 95 12 13 96 29 58 19 31 
64 81 54 22 60 16 63 83 54 96 22 44 5 15 23 61 77 44 10 57 19 53 8 66 25 85 16 7 87 15 65 65 94 55 20 50 8 67 83 90 49 52 63 90 80 19 3 94 72 34 19 69 73 40 32 52 30 31 60 91 81 43 40 7 69 31 52 33 14 71 20 53 10 26 88 74 42 65 17 85 40 75 65 53 52 38 31 2 57 22 49 57 6 9 70 82 64 83 3 43 
93 34 0 73 97 73 55 16 88 92 32 31 76 4 71 72 85 48 98 5 38 67 59 4 86 64 93 61 31 74 30 5 89 82 8 25 74 49 54 95 69 94 98 72 25 87 60 83 99 55 41 21 10 32 33 25 41 42 70 18 99 8 55 71 43 89 80 58 90 74 18 80 73 78 85 19 1 89 55 34 78 21 92 53 28 90 20 68 88 22 49 37 78 81 38 16 54 13 39 27 
68 67 10 66 8 32 50 61 74 43 21 23 39 96 99 78 52 10 72 36 2 36 98 43 23 25 81 37 18 56 63 61 9 50 36 34 51 28 4 57 84 79 58 17 57 75 65 43 91 94 41 26 52 96 69 0 63 72 14 25 60 8 78 0 96 70 66 28 69 86 77 44 17 63 66 30 36 70 79 9 32 8 87 25 5 98 1 79 76 50 11 25 62 4 37 87 17 12 77 11 
91 10 19 30 7 85 53 71 76 40 17 39 71 51 2 42 21 18 55 93 81 87 10 76 75 64 72 39 44 58 81 7 76 84 99 62 98 79 26 7 6 99 7 38 17 54 49 12 88 16 12 62 46 11 87 71 36 88 75 83 26 89 58 61 8 76 41 1 76 0 98 95 77 2 33 54 25 83 97 28 91 0 1 12 48 14 24 98 51 92 18 52 86 17 28 45 35 2 53 6 
75 44 49 46 78 93 94 38 59 1 46 5 5 63 45 78 10 21 4 96 15 44 64 85 65 23 78 18 66 62 99 86 42 98 31 1 16 60 48 18 96 0 72 49 39 75 47 34 97 90 46 66 89 88 94 99 9 17 65 33 4 69 58 16 30 56 64 87 99 43 33 64 90 44 15 89 59 93 34 29 55 79 71 99 59 24 76 45 48 45 53 98 49 53 35 85 42 5 7 89 
95 63 78 13 76 25 22 47 95 90 83 54 74 6 75 76 8 64 98 89 86 45 70 79 26 60 50 16 54 1 22 19 1 90 30 20 63 67 43 35 71 16 94 37 90 61 50 68 45 37 68 64 5 63 84 35 90 84 79 46 26 65 3 8 40 77 59 3 41 62 28 88 5 9 83 84 13 30 63 4 76 17 77 16 67 69 98 44 57 35 50 15 59 15 19 49 64 93 15 62 
9 34 33 99 43 52 57 73 69 99 83 72 32 65 42 93 47 5 54 79 72 40 10 70 0 68 38 21 54 20 39 34 15 71 84 84 96 12 6 20 93 87 15 79 77 90 95 22 62 10 26 35 74 70 92 36 6 44 35 65 85 92 27 63 80 30 76 18 65 7 72 86 34 74 32 93 64 14 56 0 7 52 95 65 27 87 20 40 47 92 20 76 93 91 23 36 75 93 4 97 
81 0 56 39 15 12 81 75 80 79 65 35 22 3 44 76 64 62 66 19 5 26 71 75 79 79 95 78 77 50 5 78 36 71 5 18 8 81 41 5 1 40 14 70 28 63 59 73 39 47 90 52 72 60 37 74 66 38 94 56 12 15 83 73 87 84 25 3 93 29 95 22 35 64 50 61 19 0 94 11 71 50 72 56 50 76 37 4 42 62 93 11 82 10 78 53 80 83 38 52 
31 0 0 23 51 9 70 69 73 82 79 7 73 55 79 91 25 84 29 26 24 30 84 58 2 13 33 43 62 28 22 90 25 74 12 64 13 74 30 30 42 73 3 65 19 30 64 88 20 63 4 55 23 66 15 86 97 10 30 94 34 31 71 92 60 95 23 20 43 11 66 51 25 37 69 48 44 59 67 55 44 20 21 32 75 14 14 91 70 44 51 51 98 48 2 64 94 71 65 59 
95 20 69 17 62 39 44 45 80 11 12 6 76 69 81 52 16 98 68 8 37 31 49 10 49 55 50 58 34 11 37 10 52 17 53 15 9 73 31 99 20 32 46 94 80 81 84 72 75 58 83 81 59 15 48 94 75 9 73 99 97 57 41 21 87 98 80 46 67 68 8 11 83 87 3 50 61 96 33 3 39 50 49 32 39 71 39 83 97 80 77 87 45 47 51 99 70 79 71 14 
43 85 17 40 18 57 97 40 38 22 6 46 29 78 43 46 61 14 20 50 90 90 91 61 49 19 8 9 3 20 62 30 93 14 70 3 99 68 37 76 3 95 45 29 55 31 28 62 85 81 89 55 30 9 31 66 97 47 91 38 10 2 76 15 86 17 89 8 0 34 47 75 0 87 63 35 60 75 26 50 84 17 47 17 86 23 33 25 49 97 50 99 14 83 59 28 65 81 25 82 
21 81 38 29 46 34 44 5 77 63 3 22 41 58 34 45 21 98 48 99 14 75 3 96 31 72 5 2 86 61 1 49 52 51 8 33 4 37 76 70 72 64 84 3 20 12 58 7 59 20 86 55 80 80 71 88 37 30 35 80 50 83 10 54 87 3 7 95 50 62 15 87 36 56 81 85 26 84 62 26 21 88 41 70 73 12 46 60 41 96 49 11 71 66 84 33 73 9 72 29 
37 10 52 67 21 77 54 71 78 76 64 82 54 82 26 28 71 71 56 51 74 25 71 82 40 62 87 14 91 92 63 53 28 14 52 47 12 69 55 38 41 57 46 16 34 34 9 52 93 21 65 61 0 23 44 58 90 23 54 11 80 58 88 27 67 36 79 55 47 98 51 1 85 64 29 56 33 56 77 7 72 58 72 16 75 13 29 75 3 1 26 67 40 94 10 56 7 74 5 42 
69 75 99 85 0 27 4 89 48 8 36 96 83 14 18 58 52 94 78 12 70 12 80 48 35 68 47 79 79 22 65 84 7 60 43 89 81 16 65 92 74 70 12 68 14 81 7 59 11 88 59 54 96 4 26 74 58 69 1 13 95 10 5 47 23 65 43 18 5 26 42 64 0 34 18 6 97 87 83 48 90 62 60 24 59 26 44 27 92 59 29 50 44 61 99 84 4 14 15 84 
59 57 1 66 41 40 54 7 45 60 62 9 63 64 89 59 89 24 88 76 54 91 39 17 57 71 32 82 3 15 26 74 75 68 80 14 9 16 40 70 13 89 55 85 25 62 41 30 54 43 12 16 82 29 94 55 14 96 20 39 95 24 34 48 62 57 83 11 44 99 79 36 65 0 88 76 69 4 65 18 36 96 42 64 50 90 43 39 35 92 19 87 56 81 77 8 75 19 88 57 
79 11 32 57 50 83 11 72 49 18 61 78 65 57 36 99 22 0 55 26 57 51 52 11 86 74 84 95 14 78 6 6 45 26 43 84 55 24 21 54 79 85 85 7 45 72 59 83 56 41 52 40 23 25 13 55 14 39 2 60 23 94 88 67 98 26 12 86 16 13 9 61 71 31 9 73 90 47 46 40 42 71 7 48 26 2 0 18 31 65 33 57 91 92 83 11 23 17 55 62 
14 68 45 87 96 69 28 87 66 24 67 87 96 4 15 90 1 34 46 57 89 82 63 18 85 26 83 63 35 49 44 61 36 43 95 52 86 24 23 98 77 42 28 60 60 62 26 51 92 41 86 87 37 43 33 80 86 21 43 74 74 88 70 99 54 89 32 1 37 70 26 65 73 37 6 54 76 55 38 83 59 7 30 49 82 49 35 87 80 29 61 18 76 53 10 3 48 22 28 34 
70 65 25 53 52 16 81 90 43 74 8 85 39 13 52 70 92 46 17 26 5 39 99 91 74 72 28 5 43 58 31 42 36 15 92 2 21 13 69 43 90 91 40 26 11 9 65 71 36 32 11 90 41 69 26 50 28 93 76 14 11 45 53 42 15 42 87 91 65 99 89 14 40 26 30 50 35 9 85 96 37 54 36 78 10 5 46 75 88 12 22 10 30 95 45 37 79 17 21 8 
47 6 63 94 77 19 57 76 84 91 32 80 51 40 33 99 50 61 67 33 8 9 57 48 62 24 96 60 65 59 95 46 43 2 17 32 82 54 22 60 37 37 94 47 27 33 58 32 9 23 65 21 27 76 58 57 78 40 94 62 0 38 29 41 5 20 80 0 61 99 10 39 54 22 62 14 8 95 27 34 77 38 19 54 53 57 53 8 26 23 67 56 13 5 59 68 66 54 84 29 
52 6 94 17 44 89 34 89 66 33 36 69 60 85 14 9 19 76 26 10 3 13 79 78 87 24 44 12 33 37 28 4 19 75 33 41 18 16 4 68 1 7 36 4 37 46 70 18 52 9 13 15 44 23 93 19 2 47 30 60 30 98 54 36 85 55 42 0 8 10 8 69 10 89 1 51 5 32 43 36 9 45 1 46 70 55 50 64 2 70 47 13 54 63 0 62 6 76 48 89 
18 11 20 75 48 35 53 96 99 87 93 43 8 22 68 3 71 19 87 84 92 42 48 7 16 61 11 5 62 84 8 77 33 91 11 20 0 82 5 60 3 87 47 13 59 30 8 59 25 85 45 44 3 89 69 21 72 17 35 50 98 9 58 7 16 54 60 29 44 52 52 14 45 40 38 3 74 35 2 62 15 59 39 67 28 92 1 8 87 90 55 69 17 61 22 97 40 40 12 21 
22 46 16 60 30 22 70 36 83 27 17 63 70 75 16 98 21 75 22 95 40 35 93 61 19 34 48 4 56 49 87 68 70 49 95 14 9 6 47 17 52 36 11 59 65 71 27 73 32 51 94 15 55 10 71 78 65 6 63 58 28 18 69 4 19 63 50 97 79 30 77 85 41 84 22 86 52 14 97 19 9 42 70 11 65 70 82 2 9 64 89 35 64 45 49 51 24 2 57 37 
10 99 4 26 32 66 79 51 96 36 14 20 86 90 18 64 17 35 90 66 38 51 92 78 85 31 21 85 76 32 12 69 88 50 11 56 43 34 62 38 36 73 74 17 33 17 94 29 67 57 27 33 61 57 65 8 86 9 79 47 20 35 31 70 13 85 15 80 49 47 39 4 28 85 40 10 46 29 41 71 83 56 96 17 52 85 51 20 79 9 56 28 66 5 49 55 55 37 36 62 
55 87 62 81 36 72 82 54 47 13 56 26 82 84 3 94 14 23 48 15 49 93 56 81 22 56 91 17 68 11 66 53 92 17 38 40 5 30 34 62 22 73 87 5 87 21 90 29 76 7 38 69 63 92 82 82 14 15 65 87 52 70 64 66 20 14 29 94 86 19 73 74 18 92 70 60 3 51 2 46 29 89 58 97 65 97 12 62 8 90 99 2 45 77 96 33 95 68 77 62 
48 67 7 13 76 40 61 17 40 22 87 88 57 70 96 24 8 38 56 78 91 9 9 78 37 66 92 12 66 56 18 5 65 66 16 35 99 0 68 42 96 46 64 27 76 0 64 77 58 6 95 9 80 12 62 98 59 32 57 22 12 2 70 91 63 77 51 13 83 4 18 75 39 72 87 93 95 76 22 65 30 25 49 96 86 55 16 58 88 71 31 33 73 15 40 27 42 54 29 83 
88 33 60 97 20 6 82 68 17 46 85 63 77 19 70 99 49 78 9 92 11 75 21 42 82 45 83 61 77 23 10 0 3 17 62 63 63 30 42 28 6 75 90 92 1 76 17 69 37 69 70 41 28 4 77 72 2 1 48 19 60 2 50 13 7 69 12 2 76 50 31 6 91 73 57 79 13 20 51 18 79 33 78 56 83 86 77 31 57 36 99 62 27 17 45 26 13 49 18 50 
7 76 16 25 23 70 30 89 38 3 68 12 66 52 71 59 1 9 42 25 0 17 20 61 54 50 95 33 23 70 71 50 53 47 35 34 54 9 37 66 78 45 68 8 18 31 99 46 13 97 60 44 42 95 82 62 2 23 67 57 71 54 20 87 86 2 94 37 29 13 89 89 11 30 23 89 48 19 71 22 32 75 23 72 59 72 11 81 7 87 66 40 53 46 65 84 24 15 2 29 
51 28 55 15 33 43 5 92 63 82 47 67 48 93 58 18 88 31 49 47 79 22 0 15 23 71 26 74 29 21 75 95 88 73 91 39 75 66 57 48 35 70 39 64 95 40 31 77 28 68 61 92 80 48 49 41 99 32 43 97 8 92 93 14 36 24 37 66 21 48 24 43 29 77 15 42 89 69 76 7 35 30 98 23 45 77 92 35 93 84 76 64 82 28 76 51 52 1 85 39 
95 38 90 53 4 21 58 64 52 98 30 85 65 15 62 20 91 57 47 0 79 1 68 63 46 97 47 98 87 8 83 43 70 46 7 83 12 93 9 75 86 77 0 81 67 34 12 73 76 32 0 1 59 66 20 23 8 99 63 38 86 97 62 38 92 54 31 21 6 5 28 86 75 20 32 91 84 47 55 11 39 50 76 25 96 51 52 44 88 66 56 7 92 72 11 55 92 37 85 86 
60 17 59 22 9 45 36 31 57 99 56 37 93 87 3 17 15 4 68 37 87 62 54 38 73 49 2 2 3 6 34 83 49 5 2 11 58 99 65 44 49 12 63 61 36 52 8 45 67 93 59 83 44 20 28 83 61 28 95 93 79 71 6 75 38 61 40 56 5 26 4 26 56 95 11 99 71 19 93 68 68 34 7 73 47 30 48 53 13 58 33 13 47 71 73 19 89 89 47 1 
43 6 42 2 2 72 58 12 82 97 60 70 26 91 38 4 97 26 56 49 16 1 18 29 12 14 3 91 25 13 45 64 43 15 74 20 36 48 78 32 98 27 14 57 46 44 41 16 37 30 29 99 86 6 0 38 25 40 3 62 31 37 79 70 89 65 26 15 5 9 0 62 26 11 67 27 59 89 84 20 55 4 47 17 0 70 84 87 82 53 87 88 85 49 80 54 73 96 68 52 
17 61 72 19 50 55 95 36 26 70 58 69 52 38 62 10 29 99 30 26 23 57 33 90 29 18 34 18 36 84 30 78 73 54 62 22 99 30 81 61 1 16 77 22 39 58 93 76 37 59 13 12 1 21 58 8 67 94 75 78 29 1 21 74 68 58 25 0 48 35 11 5 34 1 67 79 4 51 97 36 21 21 67 8 79 47 50 73 25 46 28 55 13 19 48 3 30 88 35 20 
49 8 39 97 37 51 13 18 52 72 2 69 36 12 42 22 98 68 64 74 65 91 37 77 94 11 57 26 12 12 86 59 66 80 90 53 80 40 19 85 58 11 36 12 30 6 75 68 76 84 93 23 7 23 98 47 59 11 94 55 92 41 59 1 76 51 92 48 33 90 41 36 82 19 67 88 52 58 90 63 47 28 2 91 97 28 95 74 37 25 44 61 49 9 54 1 62 85 8 15 
24 7 54 68 24 48 95 18 72 40 63 38 19 62 21 70 13 65 27 73 2 51 95 76 52 95 90 60 93 14 8 41 43 45 23 53 1 82 27 41 61 72 93 91 78 52 86 49 59 82 87 37 72 91 71 18 35 27 77 13 76 98 26 7 8 7 28 66 68 5 72 90 12 90 94 66 58 25 71 32 33 70 15 97 14 43 0 64 57 81 5 41 67 1 39 84 66 45 73 59 
98 66 42 21 87 14 4 12 3 8 82 54 97 75 75 26 69 9 9 17 7 18 55 63 30 15 55 1 94 27 78 94 70 11 53 45 1 76 12 53 99 95 1 72 6 56 15 68 91 48 35 67 67 12 59 40 78 69 21 42 91 1 55 1 76 21 89 35 70 61 94 52 80 13 6 65 77 85 2 78 44 60 78 30 83 88 69 39 98 17 55 82 89 35 27 88 88 8 69 82 
71 67 45 14 25 18 82 38 52 22 26 80 6 4 14 79 95 86 92 69 58 52 7 22 48 77 47 36 91 85 54 75 71 7 15 18 23 34 84 87 10 35 61 79 31 42 83 10 69 63 53 78 3 99 34 85 89 55 47 32 8 94 4 53 71 46 6 49 73 17 38 95 48 17 0 83 18 1 32 46 35 53 96 89 56 76 64 20 59 49 15 73 79 45 83 17 29 94 71 67 
23 23 2 74 96 2 58 40 80 6 10 96 85 78 21 67 85 41 57 30 35 56 59 95 21 44 59 23 67 49 86 39 61 36 41 25 13 75 37 73 3 47 69 63 1 40 12 79 3 45 44 12 23 50 38 73 29 69 67 86 1 17 46 73 92 44 55 4 15 73 23 78 25 49 97 8 65 25 73 74 69 39 63 18 21 24 33 60 43 55 16 42 9 28 33 50 27 99 48 58 
19 46 89 28 22 32 54 46 21 64 95 67 15 45 84 59 93 55 12 79 79 10 15 56 29 53 13 94 58 86 59 96 64 60 63 35 17 52 99 50 67 9 23 19 26 42 48 35 57 65 95 95 2 70 42 80 96 84 7 32 22 51 66 77 22 61 57 82 46 30 66 88 5 55 21 98 57 82 35 72 35 28 86 16 51 70 81 22 71 61 23 37 66 79 79 90 58 51 71 97 
