81 84 13 13 78 36 80 58 23 42 69 87 77 88 25 57 53 79 89 86 25 84 89 24 4 91 53 74 90 4 64 89 98 45 18 52 5 79 67 0 48 20 86 87 86 77 51 35 65 99 79 67 85 67 40 17 56 46 4 38 27 38 23 94 49 83 93 26 3 76 28 75 52 94 78 8 18 13 1 67 37 96 36 72 86 36 1 75 91 32 56 99 61 84 43 55 21 29 61 47 
59 19 48 14 68 94 14 35 23 82 84 18 6 54 98 8 26 91 97 49 73 12 2 53 62 85 87 41 98 89 7 24 13 84 22 25 26 17 90 75 96 18 15 94 73 25 26 12 84 52 28 72 34 56 37 25 52 39 23 98 64 65 75 24 85 35 19 29 24 35 21 0 48 11 55 49 5 69 75 51 56 58 29 18 2 34 71 98 34 60 0 85 71 34 60 44 11 55 15 93 
89 83 51 43 41 3 99 78 33 78 54 17 18 2 81 78 5 51 8 52 60 17 66 38 99 8 18 7 43 13 57 25 48 7 13 63 18 91 88 94 59 15 98 66 98 32 3 49 71 19 77 64 30 97 48 6 97 3 98 65 49 1 69 82 31 17 63 84 71 86 34 48 10 49 32 15 37 80 24 9 60 18 29 32 28 46 47 80 11 3 68 34 46 91 49 95 93 94 81 54 
8 62 88 72 50 80 40 75 57 66 76 81 97 63 42 27 86 54 34 1 86 95 23 55 96 82 34 44 94 90 37 54 85 37 15 11 74 84 25 18 35 93 34 97 4 75 45 2 20 6 58 47 35 72 48 31 48 88 71 49 58 24 30 55 42 52 78 84 76 69 51 13 24 55 14 70 7 42 65 15 90 70 75 48 0 94 19 62 35 11 78 15 73 90 42 26 0 3 22 91 
51 14 75 55 62 30 6 91 92 24 15 45 12 98 44 76 59 93 35 41 99 40 47 17 95 14 50 29 29 70 62 44 55 0 41 68 3 83 39 92 81 17 34 36 46 98 69 45 50 1 52 87 2 15 47 48 8 93 89 54 14 20 87 32 81 16 16 5 81 65 52 22 61 85 84 61 37 97 96 53 51 21 51 52 22 99 86 43 36 95 15 89 92 75 28 22 51 79 93 77 
50 82 86 36 83 31 17 19 75 45 6 72 65 63 72 45 49 74 43 46 27 88 10 13 45 41 90 59 54 52 24 28 9 24 32 70 33 92 78 38 38 4 58 52 32 1 42 73 94 70 75 17 66 48 48 2 74 43 17 33 78 62 48 27 5 0 12 40 94 44 67 7 80 31 50 23 87 16 14 36 13 12 13 61 3 14 89 24 60 96 28 46 44 4 97 5 72 78 26 3 
14 31 43 9 43 29 22 60 68 55 63 62 9 40 26 89 87 35 54 11 66 34 16 46 2 15 92 54 57 38 84 63 41 0 87 24 82 28 87 80 78 40 26 76 8 46 57 61 31 59 54 24 39 7 48 55 74 99 13 31 56 20 63 34 23 37 38 93 32 38 65 13 17 93 58 94 45 9 59 82 81 74 90 51 9 57 65 43 6 96 63 46 13 11 21 78 40 60 93 83 
83 92 51 38 18 71 8 30 72 99 23 67 51 32 22 38 19 6 14 26 84 49 35 81 56 88 86 30 68 62 7 90 2 10 13 36 11 6 84 26 94 66 51 76 84 60 65 99 61 3 84 94 55 40 48 40 61 16 30 74 51 35 89 74 73 96 61 77 97 26 81 49 25 51 80 14 24 87 92 37 79 11 7 17 98 51 43 22 21 8 91 71 2 74 11 20 96 41 8 32 
4 35 52 31 66 13 92 32 46 9 66 89 97 84 82 46 95 3 20 55 74 3 60 92 91 17 96 75 55 27 49 25 97 4 8 65 65 98 75 22 24 30 76 46 55 24 22 6 57 84 34 95 45 88 91 21 63 94 61 84 78 80 46 21 34 6 18 70 55 36 56 92 33 54 66 32 41 56 78 68 96 53 97 95 75 38 85 55 55 82 13 14 81 89 35 31 77 54 73 94 
46 49 72 59 45 52 7 99 95 60 75 16 52 76 50 66 14 50 13 65 73 89 17 65 92 90 65 43 84 61 58 14 36 7 35 18 32 6 23 60 69 32 44 10 69 15 53 48 68 36 56 3 55 95 28 65 24 6 88 90 49 10 45 69 3 34 24 78 62 26 0 22 0 23 94 23 87 7 25 10 55 68 1 66 4 11 23 67 35 83 63 51 58 24 97 23 5 76 67 89 
8 65 43 21 38 3 4 6 15 24 75 83 77 97 9 61 55 95 41 22 2 15 91 14 73 90 70 73 20 64 62 82 68 6 19 54 85 62 95 88 23 74 3 91 85 32 83 72 78 97 8 74 18 55 79 84 77 69 78 38 38 81 78 98 11 11 81 12 23 45 63 39 48 0 0 87 42 2 0 0 36 10 73 96 21 39 44 36 94 25 86 38 66 32 66 23 37 34 12 15 
50 79 75 49 63 20 46 85 66 85 8 16 65 30 46 87 37 23 41 62 76 90 25 50 28 41 43 56 11 77 46 80 48 82 8 46 2 16 82 64 52 49 30 44 61 52 59 11 69 82 67 98 75 99 8 81 28 52 72 37 63 66 11 14 79 24 13 68 67 9 68 25 80 48 66 12 20 46 99 25 4 82 26 57 7 25 46 31 18 60 19 23 91 41 92 21 22 27 47 5 
56 90 59 34 78 56 54 33 74 14 83 80 80 1 61 98 24 45 37 32 38 50 60 45 22 40 65 70 5 33 73 21 39 21 32 86 58 31 71 26 83 65 47 88 48 44 25 58 6 37 1 9 36 91 12 11 51 37 61 52 36 71 32 22 79 28 86 2 44 87 40 24 7 7 50 93 76 98 9 83 37 81 88 45 48 72 31 45 4 46 37 91 74 88 4 30 39 17 82 64 
81 57 19 5 75 19 12 96 48 41 82 67 62 63 31 89 90 36 48 80 76 13 8 35 97 22 72 44 49 86 68 18 23 24 76 91 41 55 10 28 28 31 47 50 59 5 29 83 63 46 0 28 55 23 43 97 25 59 33 41 72 75 15 72 79 98 20 82 98 65 76 50 32 86 89 43 73 65 63 97 77 49 66 43 65 31 6 84 32 8 54 40 68 30 23 57 38 1 99 56 
3 38 1 13 56 72 60 42 17 69 44 63 98 82 99 27 30 95 48 97 71 29 44 77 29 93 78 37 34 46 36 71 10 34 98 1 13 41 23 87 97 50 70 39 4 33 59 91 38 41 45 30 46 70 50 60 15 50 25 36 25 65 96 95 9 49 6 22 65 39 14 58 23 39 65 83 57 10 45 28 41 34 98 9 77 66 97 46 50 51 67 39 77 10 46 38 51 14 54 17 
53 56 11 20 34 42 10 43 31 41 65 4 27 74 99 54 33 3 48 70 90 17 61 24 76 16 35 94 87 99 62 49 6 74 95 45 69 97 77 61 56 73 68 33 12 65 27 43 28 87 8 77 60 7 26 38 88 77 78 31 3 74 73 82 98 27 61 15 2 49 93 79 71 76 78 75 17 78 23 86 32 47 89 89 10 51 68 46 63 3 36 63 50 80 55 5 19 32 39 96 
36 10 47 96 31 68 54 64 88 91 83 19 91 26 42 8 29 11 19 14 32 23 77 48 44 97 66 33 43 64 1 27 75 64 78 41 46 58 69 15 74 50 58 40 3 62 60 82 38 24 0 69 75 57 72 57 97 36 19 14 24 17 60 61 51 62 23 37 3 37 34 21 92 36 28 43 15 69 10 1 19 58 59 64 56 72 70 71 57 18 25 21 33 1 72 93 68 62 74 36 
38 55 98 19 85 37 26 48 54 25 33 35 90 89 63 14 19 94 26 16 72 96 42 89 89 17 96 67 90 54 42 50 71 10 57 90 0 40 12 37 98 84 44 64 34 93 9 63 24 97 37 99 18 92 94 14 30 17 0 67 85 67 3 88 70 55 6 30 15 39 69 56 42 27 64 46 98 17 44 83 15 46 38 33 39 35 58 20 39 5 30 94 50 33 18 85 88 30 54 9 
73 60 34 8 26 85 25 87 64 78 13 75 84 57 6 80 12 52 2 28 48 8 31 55 47 87 43 6 55 95 48 77 81 36 6 62 74 12 26 2 43 28 48 66 40 30 92 11 11 13 85 85 41 36 30 6 73 35 53 41 88 94 77 61 17 67 74 76 62 78 48 16 83 59 4 45 69 56 21 10 45 52 91 68 14 55 89 44 57 15 17 12 84 26 0 2 52 25 82 45 
10 72 6 68 60 95 61 30 12 44 25 74 19 42 94 12 83 82 80 48 89 40 62 67 57 44 90 51 94 85 65 50 59 42 61 6 82 99 25 67 90 54 11 42 39 59 91 49 9 21 16 6 31 58 69 17 68 20 86 36 79 56 15 5 59 52 44 26 61 36 21 32 73 70 92 30 75 15 37 75 2 63 17 51 73 52 14 29 62 78 41 29 11 87 85 49 47 49 28 1 
1 10 72 55 79 24 55 71 66 25 10 75 91 54 74 62 41 76 24 42 34 62 47 19 27 91 15 86 76 7 60 14 78 25 84 38 11 40 29 36 43 42 14 68 53 20 56 27 90 52 24 45 23 71 99 1 29 27 36 81 44 48 29 94 64 89 25 4 84 57 82 45 12 87 10 30 10 82 70 83 7 41 57 96 91 22 6 16 82 82 5 89 36 49 63 79 96 14 20 6 
0 4 89 30 36 18 14 34 72 40 33 41 14 39 59 47 9 19 11 82 55 47 65 66 17 73 29 91 44 79 48 91 70 93 34 32 83 95 1 15 93 54 32 57 98 14 92 72 1 86 71 33 78 55 89 93 66 70 72 58 78 5 83 3 94 60 74 70 17 52 4 33 47 63 32 35 43 65 38 81 3 67 77 45 48 70 69 13 46 10 7 86 64 12 18 79 84 57 41 45 
2 19 10 81 53 65 37 88 33 2 5 9 39 26 66 36 98 28 92 62 39 47 59 97 72 24 43 17 0 23 6 64 66 38 36 10 15 42 22 75 84 63 26 85 9 10 46 40 87 1 31 41 68 59 27 55 32 32 34 80 22 87 82 15 5 79 49 32 16 63 76 33 81 97 89 31 65 24 0 1 10 64 53 76 13 39 48 34 78 70 91 53 74 93 88 66 79 18 46 55 
94 15 54 9 70 16 73 37 43 92 16 37 61 62 15 58 98 2 70 56 73 36 72 22 32 9 17 26 49 73 11 16 64 44 25 95 96 39 83 15 91 54 96 86 31 11 96 0 63 54 44 84 45 67 28 30 89 19 73 50 37 23 87 46 26 40 28 95 39 56 14 40 42 41 5 23 80 95 1 84 0 77 99 31 58 3 65 49 15 30 27 74 36 23 7 70 92 89 12 94 
80 89 15 16 42 67 94 5 96 2 93 81 81 84 2 48 72 51 12 84 99 0 63 75 3 94 26 43 95 89 97 83 25 67 97 75 56 2 45 99 3 88 89 27 26 67 62 71 79 93 56 26 14 7 70 76 24 96 29 13 45 60 46 2 52 54 25 10 29 67 18 85 21 16 1 83 39 42 94 76 71 43 9 35 46 16 80 45 89 25 51 56 71 80 27 36 36 49 90 76 
55 70 82 51 6 47 28 8 9 40 87 20 8 54 9 64 97 46 28 63 17 12 57 77 17 39 18 76 16 26 73 21 12 38 45 2 42 17 27 87 66 51 40 70 10 82 78 56 18 35 59 85 59 26 31 11 76 55 36 98 66 87 78 58 91 89 86 49 81 62 13 66 64 13 58 71 69 83 36 23 8 73 61 83 1 72 84 50 22 90 8 18 25 45 0 89 99 53 29 52 
8 21 59 23 1 87 17 46 6 52 88 66 53 5 89 2 26 91 16 51 81 33 27 33 29 12 92 53 30 87 4 12 37 40 28 26 59 52 36 31 71 22 34 16 48 95 79 1 18 62 52 97 24 23 72 50 14 4 65 7 87 63 81 12 54 61 5 5 68 10 76 70 53 94 93 33 9 59 4 84 21 32 76 36 38 22 85 22 16 9 84 45 94 77 68 76 1 1 70 22 
42 11 36 24 69 38 13 5 96 1 80 99 19 84 59 73 97 72 54 44 3 46 9 82 51 72 54 9 96 48 22 64 76 97 57 28 70 94 32 81 57 44 26 39 56 39 30 43 52 74 9 92 7 8 87 67 82 18 62 26 81 21 22 80 14 90 54 62 71 40 7 36 84 33 7 75 12 89 13 10 7 48 15 54 60 59 58 39 51 33 93 87 2 14 49 81 16 39 16 18 
54 22 25 11 53 29 90 24 95 26 15 30 77 98 83 59 62 63 51 34 46 90 19 65 70 21 12 39 57 39 39 1 34 57 92 36 24 13 88 12 50 14 40 60 64 15 62 50 73 87 54 84 32 49 87 43 24 75 42 87 95 12 26 59 54 33 76 10 38 92 85 45 51 52 81 43 84 13 11 84 26 5 10 46 23 21 86 13 74 8 92 19 38 60 54 18 96 70 98 86 
17 85 4 7 71 10 86 92 99 54 92 23 79 55 88 43 84 71 43 84 95 27 73 93 40 76 74 84 35 64 74 50 66 35 46 92 87 94 98 74 90 91 9 13 94 50 80 19 96 88 63 38 23 38 90 61 6 4 11 72 83 42 39 45 74 3 14 42 65 13 46 57 89 28 43 42 61 38 37 55 53 6 54 6 98 19 35 34 24 8 32 11 80 70 90 15 11 5 24 73 
15 78 85 65 36 20 46 76 42 67 95 54 1 86 67 93 24 51 91 20 62 71 42 71 3 50 10 61 95 9 98 15 4 7 28 23 96 49 77 29 92 92 23 80 98 71 58 53 70 50 99 55 73 99 56 6 22 87 76 78 61 2 94 10 67 82 11 78 43 41 73 20 66 70 73 98 22 27 28 81 38 36 90 68 55 46 27 76 10 56 23 26 92 26 16 10 6 28 61 42 
35 49 5 54 22 61 24 59 64 36 81 85 93 33 21 86 26 25 51 88 39 3 72 25 90 75 5 77 88 1 95 88 78 41 90 42 11 61 45 83 64 71 64 54 4 32 3 61 84 63 63 26 46 42 75 88 66 62 81 21 13 29 88 15 98 9 83 8 21 70 31 82 10 88 30 15 1 98 9 10 43 46 40 54 65 90 67 26 52 54 63 97 77 76 4 87 97 92 49 53 
4 24 63 61 41 31 7 80 50 95 63 72 66 40 65 81 34 35 44 8 28 73 19 34 44 77 69 61 65 56 24 59 76 26 84 23 11 63 30 70 45 95 52 55 64 71 95 58 83 33 28 69 22 26 87 10 10 69 61 87 37 83 19 16 89 21 27 65 92 33 39 48 84 34 48 55 67 13 61 49 14 48 28 65 10 36 12 12 71 92 16 48 33 6 19 64 23 21 12 10 
98 14 19 26 25 87 89 69 50 27 36 30 58 39 79 88 20 52 81 73 19 90 31 81 53 16 83 14 26 74 54 42 66 92 94 25 98 35 60 84 37 28 0 90 78 75 39 87 60 38 20 71 83 43 90 92 13 55 12 26 15 64 22 45 44 11 91 12 94 90 44 85 72 22 72 93 4 60 56 73 86 81 29 93 53 66 36 44 13 17 77 4 96 46 43 60 32 33 19 31 
37 72 11 15 43 91 45 13 31 98 39 87 75 55 53 7 18 81 33 98 33 84 27 33 87 45 38 90 11 40 53 70 83 69 57 14 22 48 22 8 87 1 16 27 45 82 72 26 71 42 75 4 5 22 18 72 26 89 46 67 75 1 46 34 24 36 67 18 34 85 44 9 32 12 42 91 70 43 41 5 98 42 7 81 73 87 77 57 59 74 68 52 74 72 93 98 12 3 17 56 
77 50 26 29 90 48 94 3 0 2 93 12 21 76 4 38 33 53 40 9 92 36 96 64 66 93 27 87 35 64 42 51 8 42 25 54 85 61 75 13 41 11 63 28 27 10 24 45 62 14 84 87 67 42 41 87 29 92 56 4 13 56 99 56 60 19 72 55 10 7 78 71 75 73 64 76 67 46 55 37 18 84 29 31 23 1 7 66 54 84 27 61 30 14 35 17 51 83 4 41 
51 10 86 49 4 14 79 92 27 21 74 6 79 61 63 26 63 90 28 72 16 3 29 82 39 12 23 12 78 31 33 38 29 65 40 85 43 44 37 56 22 79 49 45 31 34 84 66 29 54 17 5 41 71 93 40 86 92 26 9 94 6 10 45 1 70 72 9 56 60 2 61 36 96 71 1 84 74 35 62 20 44 89 62 32 93 56 46 21 67 97 38 26 78 64 42 81 59 69 48 
91 14 49 42 49 20 89 22 25 43 26 63 72 11 41 66 13 96 93 92 26 53 48 29 53 65 26 90 91 37 44 23 12 73 27 84 41 34 74 81 25 51 45 67 21 78 0 1 52 30 25 19 79 70 46 33 73 5 37 88 13 44 0 81 95 31 55 10 60 59 59 44 70 31 22 49 31 70 12 79 37 57 76 74 26 6 15 67 97 92 12 52 97 55 98 2 68 62 30 60 
50 87 95 78 63 3 54 61 2 83 17 77 36 34 13 49 13 52 72 42 49 3 40 7 89 88 21 54 7 95 23 14 87 78 95 72 88 39 87 4 99 49 81 62 33 97 41 17 15 38 25 30 73 5 85 23 7 57 46 74 72 82 75 69 16 60 27 80 77 30 37 85 84 36 53 66 28 42 75 60 40 94 70 63 93 48 14 51 62 15 4 21 35 23 73 28 43 0 82 49 
14 22 60 25 86 15 80 14 2 45 36 9 63 20 93 38 49 38 40 48 30 86 52 51 89 73 6 43 10 35 13 56 63 77 87 90 2 27 63 93 21 73 19 1 94 58 9 78 29 0 46 52 59 61 70 85 36 77 42 43 23 38 91 67 4 16 22 58 22 84 61 52 63 11 61 86 68 47 52 0 73 10 25 82 57 38 29 98 66 27 20 99 88 82 49 20 65 75 78 17 
76 98 56 65 58 31 37 95 25 30 15 83 33 68 8 63 64 47 90 98 81 75 85 31 7 50 6 71 27 77 43 65 18 89 56 6 84 57 32 69 70 20 81 35 46 21 36 69 92 25 72 90 35 85 92 68 86 89 43 11 48 36 40 84 42 8 58 75 67 69 70 22 37 37 58 24 62 11 56 83 77 44 52 1 26 49 70 17 60 82 64 20 37 46 6 62 35 81 50 62 
17 62 14 56 95 33 80 83 51 56 21 34 60 44 61 23 8 38 86 30 28 86 92 10 55 24 48 65 53 98 11 93 57 89 73 43 44 95 64 35 59 37 95 96 11 4 92 45 12 13 17 40 60 93 47 22 40 42 47 75 16 24 10 51 62 86 58 70 17 21 61 0 20 49 45 20 35 73 93 78 86 90 79 86 19 63 38 23 82 88 26 47 11 58 6 81 22 45 22 1 
80 37 5 95 80 74 80 2 33 36 67 66 26 69 63 56 5 60 29 73 20 5 50 18 56 38 84 22 40 74 28 12 31 76 24 59 37 50 19 51 7 42 11 13 80 2 34 14 46 19 75 96 41 23 87 34 2 66 52 10 72 73 41 24 32 42 71 0 2 99 51 18 91 22 12 52 76 96 63 5 74 77 25 13 83 56 16 22 34 87 9 9 86 89 73 68 45 38 86 14 
35 95 75 3 84 31 47 10 90 44 95 16 81 74 15 36 29 41 22 83 98 45 7 8 34 59 39 56 65 74 68 98 80 35 96 79 17 36 83 8 82 94 17 80 64 54 40 39 15 33 96 99 43 56 31 94 17 7 27 40 51 28 74 39 96 34 94 69 88 34 13 29 60 10 90 39 13 65 16 92 57 74 7 29 49 4 81 80 17 41 70 57 29 49 19 22 57 26 20 1 
60 97 84 85 84 80 82 51 21 86 56 58 55 26 26 45 29 44 52 76 67 56 72 83 58 21 72 90 55 1 71 55 93 97 5 48 59 7 32 48 45 6 92 98 21 3 2 28 93 33 97 52 16 70 45 40 94 32 65 83 92 32 46 52 51 78 4 55 7 85 24 76 75 81 79 30 87 39 23 73 19 67 91 72 58 49 39 30 93 5 13 37 25 47 22 23 90 83 68 65 
65 24 15 25 33 71 34 72 65 22 84 84 81 10 99 30 7 50 85 32 75 1 60 81 58 62 46 49 38 98 78 70 54 57 33 63 73 36 60 68 52 94 21 14 57 94 13 48 89 81 13 34 96 20 8 70 75 8 75 49 19 5 1 23 77 67 17 68 49 76 54 53 54 13 11 54 17 90 44 74 82 1 0 9 8 58 46 60 81 7 40 91 89 61 62 3 49 96 12 66 
12 58 36 27 1 97 38 12 3 40 1 86 12 60 25 0 96 55 24 96 22 33 46 55 36 57 12 18 40 30 2 24 13 55 13 86 31 8 93 73 54 18 75 90 53 92 12 0 42 83 46 53 0 79 37 30 85 23 60 4 65 50 46 59 70 75 90 87 38 35 9 32 38 37 54 54 96 18 91 11 99 17 76 3 97 56 32 51 50 53 2 94 88 52 44 62 98 30 54 45 
92 49 58 29 27 48 16 4 13 78 63 15 80 38 33 75 43 34 56 66 89 84 61 80 56 20 5 1 45 99 58 40 51 80 19 52 21 37 27 98 60 32 43 4 99 62 61 96 17 63 12 64 84 88 14 48 67 90 9 93 91 68 5 44 50 70 80 62 56 58 43 55 73 59 45 16 70 41 61 54 14 85 5 16 53 37 0 16 64 85 11 96 84 55 60 94 76 88 2 2 
64 73 49 88 72 61 97 65 71 63 61 98 48 22 82 2 10 74 12 91 76 51 40 84 32 53 42 54 67 50 53 93 77 40 49 35 57 24 64 47 80 87 40 39 42 23 36 47 5 49 33 81 77 82 31 37 16 22 64 46 70 64 76 29 27 59 38 70 16 53 86 96 8 74 7 49 40 15 27 90 53 8 8 19 60 26 65 50 42 90 94 92 21 53 20 24 11 0 73 53 
45 8 78 66 63 92 25 60 66 56 58 11 98 8 32 32 33 21 22 95 87 24 91 3 0 63 77 30 23 33 29 79 61 0 93 84 85 5 15 69 60 12 6 2 20 69 30 77 53 22 29 88 92 61 3 92 75 92 74 14 92 32 75 32 62 31 26 55 49 53 89 31 78 44 90 72 94 18 50 36 22 4 18 26 95 41 8 93 22 57 19 84 79 75 70 96 93 83 82 98 
61 43 82 99 25 96 35 0 66 85 27 59 65 96 95 48 2 4 99 40 74 30 57 96 74 74 31 80 51 29 69 73 93 53 54 83 19 32 72 83 12 68 58 50 51 14 73 6 51 98 67 25 73 34 8 18 71 51 29 23 46 61 38 88 47 29 90 93 97 67 10 92 2 36 26 11 99 90 7 61 80 70 90 71 80 15 63 95 93 57 66 89 72 22 45 96 60 88 62 97 
80 43 60 11 13 61 44 8 76 47 90 56 56 74 72 26 72 67 91 83 95 47 91 7 40 46 91 92 0 18 69 58 98 46 79 36 81 51 76 97 32 27 93 43 78 96 38 2 39 75 67 48 67 82 86 31 38 15 80 21 67 6 68 36 68 21 27 72 15 17 13 64 34 88 90 50 84 61 40 72 91 43 72 4 96 94 87 48 41 66 91 97 30 81 71 83 91 63 39 6 
13 9 35 59 30 79 65 90 37 97 53 2 14 59 29 42 34 79 85 99 39 91 13 22 51 40 13 47 78 58 92 34 80 9 83 89 83 68 76 46 69 3 42 23 82 34 35 31 1 76 1 94 3 34 6 4 28 45 22 73 92 72 37 97 53 38 53 27 39 6 84 19 44 45 30 56 50 30 26 50 13 55 7 68 53 22 37 97 59 68 51 97 47 31 63 14 62 87 96 4 
61 35 99 84 90 61 62 87 18 29 81 91 22 26 2 82 93 8 14 99 38 47 8 17 70 73 69 49 41 18 25 80 25 81 97 29 3 24 77 31 73 68 17 90 40 2 6 95 7 61 22 21 60 56 24 63 37 31 60 79 89 93 71 43 60 89 66 18 76 78 36 61 17 66 61 64 52 94 36 91 63 3 85 84 52 77 24 22 40 84 84 55 70 46 95 78 36 27 65 32 
3 2 91 48 33 1 46 4 68 92 28 86 78 42 98 23 72 88 55 11 87 2 24 45 11 47 13 96 14 46 62 58 41 14 17 20 85 67 43 14 69 14 41 89 82 44 66 46 11 42 54 9 34 39 44 57 10 32 96 69 34 52 98 96 83 0 15 37 89 14 69 79 0 54 28 35 24 55 68 46 61 58 48 88 21 36 10 80 26 83 8 98 85 71 89 59 15 81 8 88 
10 72 12 22 3 70 65 56 69 44 57 21 10 62 26 16 68 89 63 13 19 75 70 14 1 80 26 2 95 17 9 88 90 65 67 83 88 95 51 81 91 67 24 18 46 48 64 58 15 78 22 69 49 91 62 37 40 79 70 61 77 72 25 46 58 67 2 15 29 60 42 29 24 32 6 94 89 13 93 1 79 2 73 35 41 84 51 24 36 52 92 81 47 41 17 32 26 4 62 9 
68 71 19 16 7 67 75 51 59 57 6 33 94 83 48 11 81 10 62 50 39 70 5 21 92 30 73 48 87 58 99 73 44 34 22 87 99 51 46 68 9 84 82 35 78 95 52 77 94 24 15 27 84 91 60 49 59 73 0 90 47 95 0 24 61 26 10 81 10 22 44 37 53 33 30 14 65 63 97 90 68 24 81 24 87 25 82 46 70 15 2 76 32 68 2 93 22 27 72 98 
31 30 28 95 76 14 77 74 69 2 66 85 56 72 24 4 11 37 7 71 4 32 68 28 49 16 41 52 1 85 15 66 66 52 71 89 95 5 44 80 52 78 88 74 76 5 69 95 38 11 6 92 77 71 82 22 49 1 64 53 29 87 8 10 3 47 48 11 20 91 43 91 32 41 94 82 82 59 60 49 31 82 95 93 69 86 84 64 6 65 91 29 42 55 42 81 14 61 80 66 
33 24 5 27 0 69 61 12 88 42 68 83 34 76 28 99 92 27 0 60 7 77 51 19 72 15 98 92 51 96 59 69 80 91 59 73 68 48 0 44 12 30 18 40 7 67 2 49 26 87 21 69 52 89 12 12 88 28 16 50 82 69 48 80 71 18 52 72 96 95 36 39 1 70 29 93 63 52 20 92 80 58 57 84 92 5 49 3 16 94 59 23 27 88 55 72 17 67 25 28 
59 5 65 32 70 47 10 73 56 47 24 54 96 3 76 92 61 85 47 36 89 80 80 11 82 13 30 92 58 3 41 41 83 0 22 71 97 45 93 44 63 88 66 9 83 24 71 73 10 72 94 99 36 24 90 39 31 88 90 4 38 62 89 76 8 82 51 85 97 56 1 26 72 30 71 41 18 55 26 35 68 31 88 25 83 68 58 26 39 44 34 12 29 12 12 20 20 76 6 76 
10 4 46 40 92 50 71 8 3 69 80 83 81 82 68 89 59 89 75 20 84 2 28 69 71 28 47 58 60 94 8 63 16 52 33 29 73 9 73 20 12 10 30 16 46 61 12 15 89 67 26 66 64 66 84 2 68 55 22 36 80 32 92 71 87 1 58 1 21 20 90 29 15 22 68 27 7 24 73 68 32 53 83 67 53 28 51 20 56 42 84 28 84 9 64 42 67 84 72 25 
54 54 41 61 18 20 68 70 93 18 78 95 43 69 9 23 49 0 21 6 7 35 10 38 89 63 4 91 61 6 52 32 74 98 55 94 20 58 37 63 78 4 28 84 48 69 60 63 91 77 25 92 21 90 63 60 29 80 33 46 75 10 98 78 64 91 35 11 56 22 65 50 56 66 62 35 66 82 82 74 38 12 36 50 98 97 32 56 22 41 47 84 46 75 65 84 55 30 90 45 
60 5 73 69 97 76 65 97 85 36 76 40 64 78 33 37 7 14 64 10 62 74 13 20 78 12 69 64 65 27 4 35 99 66 0 22 27 22 24 25 93 99 37 6 92 60 37 80 10 38 96 4 35 94 76 18 8 42 83 29 89 18 32 37 69 71 79 37 16 79 4 56 6 70 14 46 26 5 7 91 41 1 88 48 0 7 51 19 2 85 3 48 7 87 39 48 2 54 65 4 
54 45 41 69 8 59 82 63 54 44 12 23 26 7 91 46 36 99 63 10 62 65 80 55 47 9 64 78 58 53 39 77 8 2 14 56 19 72 7 50 12 92 95 75 63 28 81 64 73 47 43 55 87 41 27 41 21 9 20 81 1 74 72 67 66 51 72 21 51 22 10 1 84 18 6 23 79 3 24 96 86 47 64 95 40 79 75 63 53 35 26 57 92 94 57 15 60 15 10 77 
52 25 6 67 38 46 66 24 1 13 9 65 67 46 38 85 55 77 53 3 20 19 75 17 21 92 14 60 74 36 93 19 38 96 95 96 59 84 73 9 87 7 51 20 24 82 84 89 59 72 41 7 44 81 2 81 81 86 18 62 40 76 28 16 86 93 43 29 9 95 67 22 64 66 20 71 81 73 30 52 48 4 78 15 34 24 17 85 97 94 69 17 6 49 96 18 74 6 63 5 
37 97 23 55 52 81 44 61 42 28 78 60 82 48 96 93 11 10 65 74 91 73 25 78 36 21 52 51 80 96 2 21 8 88 30 41 43 75 44 23 64 43 69 48 21 86 49 4 13 81 72 71 85 15 32 92 10 16 26 55 78 27 90 35 64 25 80 91 89 75 28 87 49 30 86 25 25 96 46 73 94 70 66 76 33 84 62 72 20 40 51 80 78 67 51 5 3 48 40 98 
14 46 63 76 82 24 51 81 82 67 26 49 20 96 86 70 57 75 44 52 47 19 41 52 87 83 98 79 67 20 82 29 34 20 42 42 99 47 28 83 52 51 46 49 45 29 9 76 40 93 65 2 13 71 76 14 8 52 39 67 14 23 60 64 70 1 76 2 53 69 22 43 24 44 57 13 36 27 55 98 1 75 34 50 96 58 51 15 51 50 33 75 55 55 23 27 4 96 42 27 
38 19 45 18 48 69 33 43 8 36 15 48 90 63 87 82 50 1 95 18 83 89 1 38 10 73 6 23 53 15 31 89 8 77 48 11 81 28 38 73 59 49 89 19 22 33 47 84 17 7 16 63 8 53 18 17 86 49 42 99 66 36 0 21 90 74 24 66 44 87 61 26 36 21 18 82 45 3 31 36 20 70 25 71 62 94 85 3 73 43 46 79 89 76 93 46 31 32 40 76 
83 83 14 59 3 19 50 18 7 87 42 8 26 68 10 68 45 67 62 12 74 2 32 36 4 87 9 20 93 89 5 76 20 91 68 51 36 34 40 18 20 7 13 6 25 34 0 0 57 97 60 92 41 28 60 85 22 24 8 92 55 70 98 14 33 21 16 14 31 76 85 90 96 53 64 57 16 52 63 19 30 16 55 84 11 71 63 18 18 13 8 72 9 55 76 15 76 19 9 20 
64 75 52 46 12 85 5 54 19 30 74 56 28 52 8 23 66 72 49 8 6 48 10 67 31 7 67 50 24 71 88 2 60 11 86 51 10 1 39 16 34 24 82 87 84 8 75 74 39 91 97 37 61 62 17 42 77 48 42 67 61 95 21 55 93 90 39 40 99 99 92 23 41 13 79 32 56 22 31 95 14 71 96 36 23 23 47 27 55 80 45 59 95 11 95 67 52 67 34 33 
88 49 13 51 40 62 27 92 74 36 45 72 20 14 5 6 32 66 12 77 89 28 94 32 6 17 59 59 10 81 3 23 79 57 41 5 11 23 1 42 32 59 76 57 71 2 97 69 28 1 49 44 47 4 78 1 2 39 48 6 21 97 88 17 82 0 77 16 82 32 75 38 88 7 41 56 97 76 80 52 15 6 82 41 85 4 68 27 27 11 26 53 23 63 66 67 31 21 40 45 
98 81 6 49 68 64 48 75 72 60 5 96 97 58 98 75 72 47 66 84 21 67 11 30 34 79 28 70 0 38 11 10 53 45 85 50 62 81 24 14 62 65 28 19 10 45 33 15 26 3 20 55 56 80 45 71 88 32 99 65 20 1 58 33 24 57 81 65 93 83 26 99 37 89 82 51 90 51 25 91 13 94 51 0 72 89 28 67 36 0 82 72 95 99 8 22 68 33 33 62 
48 31 65 20 59 50 7 68 70 0 24 61 51 65 23 96 42 76 85 71 9 41 87 88 56 56 45 15 59 9 26 54 49 86 77 28 67 85 14 21 16 51 78 81 70 12 35 26 32 19 95 30 25 4 62 55 5 68 11 14 87 9 79 65 83 83 92 0 49 18 24 42 93 33 24 29 84 18 32 87 48 71 68 20 79 21 32 60 5 99 71 83 23 40 25 29 34 89 56 79 
45 93 32 7 34 14 89 83 59 53 29 85 24 52 61 46 83 11 29 0 20 48 16 76 22 36 0 28 86 11 45 29 75 5 71 37 33 94 59 14 70 71 19 42 26 86 64 38 33 52 24 21 46 88 55 47 54 75 47 53 23 58 24 83 75 39 85 62 20 13 7 55 13 17 97 53 20 1 53 95 73 66 62 74 12 91 31 75 38 94 87 72 93 42 17 63 97 64 21 29 
22 46 67 33 63 51 72 31 72 92 64 66 63 34 31 27 76 1 34 1 6 48 43 70 45 43 3 23 9 70 72 91 99 38 63 68 14 88 88 91 45 28 51 37 44 56 89 57 99 98 84 28 10 47 16 38 25 49 51 11 59 65 33 14 10 5 7 13 73 66 32 69 3 77 69 19 74 83 39 87 73 65 59 20 82 17 13 81 78 11 56 34 80 79 9 9 13 63 37 78 
97 35 96 6 73 79 52 52 58 57 55 82 23 88 88 37 70 8 83 45 49 90 3 64 54 94 79 1 99 0 16 69 92 8 18 25 49 10 1 5 21 32 86 88 35 57 97 32 2 54 77 60 48 46 67 97 74 12 96 89 56 75 62 90 11 9 71 90 26 49 67 37 65 57 55 95 3 97 2 20 94 7 60 66 53 75 49 94 57 87 51 85 40 82 51 68 58 54 38 81 
29 45 30 40 12 96 58 7 9 3 71 46 39 45 36 41 2 13 72 78 62 95 13 13 3 83 53 27 21 42 9 19 80 18 60 67 28 1 33 98 11 9 3 12 47 26 44 19 5 27 50 29 64 98 90 10 34 79 21 87 33 63 12 39 4 88 47 65 35 7 26 62 92 49 14 88 12 32 5 35 33 95 52 60 25 42 29 55 47 73 6 29 12 55 88 85 89 15 75 74 
95 8 85 2 4 60 17 66 40 61 10 78 26 91 76 41 52 97 87 5 95 7 45 92 56 79 81 82 91 27 53 31 62 14 7 99 62 86 12 68 57 34 56 7 52 60 42 75 0 81 91 30 94 87 37 16 15 47 42 97 63 19 77 67 31 22 24 76 16 3 90 80 1 90 83 30 50 53 57 55 79 35 14 12 61 63 0 30 87 58 32 11 23 96 70 42 50 16 75 5 
49 27 68 13 62 91 38 0 54 24 58 7 40 54 99 43 74 49 78 61 83 2 50 46 57 26 44 76 15 31 8 98 73 73 49 76 11 79 73 79 31 27 1 14 55 84 31 93 47 29 40 97 98 13 5 8 47 85 69 86 38 61 81 52 68 30 66 68 31 23 85 46 50 87 1 89 12 91 70 44 27 29 78 54 78 88 76 9 11 48 6 47 79 12 19 70 79 54 38 85 
28 7 74 82 41 68 30 7 43 96 79 92 89 3 39 9 82 35 20 75 64 97 6 32 82 81 29 33 48 73 10 56 85 71 15 89 1 66 53 36 1 3 66 39 79 85 32 33 86 89 33 44 18 82 43 39 71 20 85 4 20 83 50 96 2 71 61 42 62 85 90 40 84 40 81 3 4 1 20 63 46 0 18 63 52 20 49 66 55 61 71 87 35 83 85 21 95 54 31 61 
85 28 16 80 41 19 41 11 72 88 24 90 38 74 51 93 48 71 49 69 88 95 48 66 2 11 64 7 60 85 26 47 32 36 36 75 4 71 77 4 91 17 56 38 50 0 86 5 13 58 55 63 11 63 80 70 59 5 26 91 13 80 18 75 97 21 74 73 86 49 91 65 33 30 51 59 87 26 12 15 27 47 38 60 45 30 6 6 80 74 72 72 15 11 82 1 38 63 13 51 
49 25 59 90 2 69 69 66 67 80 64 51 62 0 27 4 24 73 39 90 67 29 53 42 44 70 7 26 13 46 25 12 71 55 66 51 2 15 95 66 95 13 80 86 94 54 73 28 38 63 2 87 26 56 18 90 61 64 52 93 80 57 75 24 11 87 68 69 37 52 69 28 55 63 40 3 64 13 53 63 18 87 88 35 56 37 34 67 75 26 86 94 29 54 87 48 12 16 64 7 
7 68 54 14 48 20 33 31 74 21 66 65 15 52 64 57 61 93 30 82 44 40 48 62 15 95 36 39 0 27 94 5 81 82 75 86 56 93 87 76 65 21 37 90 63 87 43 14 72 52 90 9 10 42 87 8 90 77 59 13 14 25 4 84 57 60 44 96 45 46 37 24 74 62 14 19 9 72 41 16 55 6 53 14 27 20 26 92 42 99 51 82 10 99 12 7 0 92 96 90 
62 62 60 39 35 61 68 27 17 7 45 82 77 19 20 60 69 85 62 82 23 99 93 55 60 60 14 19 43 47 59 46 2 11 71 27 50 72 95 51 99 80 56 45 66 26 46 72 55 67 67 59 49 79 28 99 84 39 79 70 81 61 86 35 79 15 63 74 85 19 49 58 51 62 45 80 86 32 12 33 57 80 48 46 4 84 21 11 18 51 14 62 41 37 85 90 52 15 99 80 
42 96 39 72 17 14 25 43 66 9 54 23 90 61 26 48 4 26 96 46 82 33 36 38 21 53 55 70 33 75 52 83 84 33 68 85 89 84 47 30 96 1 67 51 92 97 60 11 97 53 96 92 8 41 1 19 12 19 85 99 46 42 2 41 74 31 26 46 75 36 72 90 5 56 3 20 78 98 83 97 96 17 26 29 80 51 40 72 73 16 90 25 31 86 68 49 10 58 29 98 
36 22 3 42 85 21 71 26 80 58 34 42 79 37 81 34 31 26 58 41 62 64 7 61 48 93 10 20 87 22 18 82 74 49 13 86 25 49 71 29 46 59 94 28 91 6 46 42 7 80 66 51 70 83 32 14 33 40 98 41 65 31 21 32 46 75 18 35 83 1 94 18 9 3 86 17 77 53 96 85 5 83 17 64 53 64 16 85 42 87 37 76 4 32 61 10 93 78 73 12 
81 62 53 4 43 74 71 81 43 71 96 24 38 56 71 99 31 0 3 69 11 14 46 5 28 7 15 76 29 91 11 85 5 99 87 67 13 18 53 34 35 99 6 46 32 7 95 41 24 24 26 90 61 56 47 17 65 6 18 44 28 65 67 67 9 11 25 12 95 57 7 6 24 4 37 67 33 32 29 96 89 33 77 68 26 67 36 79 67 54 63 64 73 70 86 49 80 97 19 70 
82 77 86 5 49 61 61 64 32 10 22 7 72 66 3 16 56 53 18 4 95 74 1 75 63 32 19 99 66 30 48 37 48 72 45 45 16 79 8 44 36 42 98 2 26 30 77 77 17 75 73 46 31 28 5 18 48 61 95 66 86 86 76 70 19 67 17 92 96 70 95 7 71 52 16 82 68 32 63 19 59 45 84 75 32 14 7 20 27 55 78 40 22 41 65 16 65 97 10 85 
25 54 69 82 8 44 17 62 80 53 43 75 76 30 12 39 83 33 62 41 80 62 43 60 89 42 28 23 44 60 35 77 71 78 27 91 35 46 45 34 7 9 0 72 18 16 24 92 34 89 15 70 3 88 71 71 67 43 72 32 91 98 12 63 2 35 28 53 24 37 47 3 98 52 32 94 12 9 93 8 39 90 37 53 40 55 49 3 68 62 58 10 62 12 2 87 18 18 54 81 
27 19 19 84 32 38 32 61 2 34 34 31 77 11 21 5 19 9 42 91 5 56 77 21 89 86 77 1 51 53 78 49 12 10 26 69 16 58 15 82 47 3 36 87 31 2 18 59 16 8 17 19 20 53 71 22 91 28 8 70 66 4 95 60 63 83 8 99 32 41 22 28 25 15 63 14 15 77 37 53 23 4 19 48 22 49 76 99 2 94 48 37 25 77 93 78 49 30 12 89 
19 51 84 68 59 56 82 27 8 25 77 46 17 67 0 49 56 43 18 35 37 95 52 54 57 6 82 28 48 98 27 67 53 92 54 29 90 96 5 87 22 66 27 94 16 84 83 75 60 40 46 3 29 32 85 58 91 69 31 97 93 53 80 5 6 32 43 67 72 60 18 97 69 28 67 82 61 98 0 16 75 76 34 9 88 53 19 88 53 40 67 2 97 45 8 88 86 78 56 34 
10 60 10 73 89 6 36 89 9 38 92 50 6 31 46 84 79 66 65 36 5 68 36 49 22 47 86 79 29 12 85 43 92 92 16 43 94 65 27 55 26 52 39 61 56 81 6 88 46 91 76 67 33 36 14 12 14 83 67 51 39 76 45 33 86 7 42 48 24 9 27 17 66 40 28 75 96 42 57 10 50 75 79 92 67 34 98 23 31 64 39 23 20 23 81 8 45 11 32 35 
51 42 45 70 31 25 20 38 28 65 35 33 65 79 74 3 26 48 76 76 83 24 37 23 72 5 20 65 67 90 11 37 48 40 12 38 3 81 51 65 87 39 1 33 53 23 71 65 98 7 27 93 61 77 30 95 32 13 87 63 6 25 7 24 53 78 89 78 17 2 96 89 73 56 7 51 16 7 16 93 38 7 52 93 73 28 33 92 62 73 93 86 88 76 19 50 3 42 56 1 
85 1 71 17 17 76 60 86 16 23 33 75 0 48 46 53 7 69 99 9 64 47 43 19 31 94 92 43 67 78 84 51 39 14 69 37 85 98 25 70 87 46 19 15 35 97 26 80 2 76 87 90 0 36 65 69 30 49 9 77 79 11 70 64 91 24 86 45 40 56 25 24 19 6 10 94 27 96 0 74 44 12 2 24 68 39 42 8 64 95 95 74 41 97 33 9 69 9 61 54 
47 52 41 99 47 85 17 35 60 19 99 67 72 95 84 74 62 66 83 69 27 9 13 98 51 95 50 9 85 91 39 83 64 95 8 11 91 52 92 11 83 11 11 16 35 59 16 84 44 56 19 11 62 19 4 87 7 3 56 89 31 19 7 33 52 61 23 33 51 63 29 32 74 88 85 40 35 61 55 11 73 20 43 90 61 8 80 99 40 55 8 96 15 25 58 47 39 29 70 67 
43 57 58 61 50 33 89 20 21 44 64 18 8 75 34 90 32 10 60 65 14 52 57 10 29 28 28 45 50 85 24 80 35 31 55 67 88 36 86 30 25 70 48 53 43 37 29 56 99 47 36 94 89 2 8 3 14 34 24 31 39 79 86 29 39 2 33 68 66 55 93 8 64 89 86 36 65 29 91 95 34 60 14 41 93 48 25 44 56 1 94 82 67 68 47 68 19 68 79 55 
29 83 53 54 96 35 63 36 30 41 5 40 58 77 99 38 18 68 63 28 61 42 96 53 87 12 52 12 23 49 58 68 86 84 31 58 71 30 6 32 94 67 15 21 41 46 42 97 92 44 99 43 47 21 91 48 86 39 76 5 43 23 6 24 44 25 51 10 15 82 16 81 78 4 20 96 36 66 65 75 71 97 68 46 52 22 54 12 19 12 12 52 24 81 30 18 10 12 28 26 
38 53 1 17 0 52 45 17 11 59 64 71 79 47 63 80 26 85 91 67 36 5 47 52 92 70 83 54 58 83 99 48 67 57 40 55 45 15 37 31 51 31 12 98 36 18 35 21 71 33 90 20 24 84 58 33 21 59 56 52 59 15 27 18 41 28 58 52 97 33 37 46 54 75 53 78 67 41 57 5 2 43 44 48 31 94 81 52 37 32 14 9 17 88 28 35 86 88 50 46 
73 81 72 66 2 39 6 14 22 77 29 97 15 47 52 45 72 79 3 92 10 96 97 96 68 18 84 96 41 42 21 48 55 40 63 55 26 22 64 19 54 30 70 57 26 61 56 46 65 18 77 65 98 45 16 34 48 56 25 88 26 85 46 54 89 58 90 74 5 10 94 83 84 4 61 71 31 88 69 68 21 97 74 12 3 25 59 86 57 60 43 63 13 63 78 33 89 55 84 11 
69 41 69 9 27 39 37 89 74 86 45 2 21 70 23 68 80 33 55 92 63 88 87 70 54 10 77 68 1 86 37 12 61 8 72 45 30 11 27 54 15 97 16 20 75 26 80 61 29 57 72 8 30 69 29 47 85 79 6 83 67 9 35 23 41 91 24 83 11 35 14 38 66 18 50 38 60 25 88 20 2 1 85 31 22 67 32 64 22 42 73 86 1 54 47 83 85 53 89 28 
