35 78 96 76 48 35 35 11 86 97 38 25 78 19 15 19 63 92 70 65 33 66 95 65 48 45 58 87 30 38 94 19 70 49 26 61 50 79 72 6 76 52 94 37 16 68 49 5 13 4 40 90 65 0 18 38 38 62 92 29 55 69 53 55 82 20 54 13 99 37 75 78 16 5 19 16 94 4 57 85 13 12 19 23 16 43 48 12 71 18 40 41 0 61 99 85 67 63 51 73 
33 48 85 27 99 78 10 15 61 12 85 40 73 74 28 3 32 81 28 41 71 33 33 94 5 20 66 98 17 60 17 7 41 5 18 63 14 93 93 24 11 92 89 65 6 84 43 26 78 80 79 27 94 30 21 25 90 43 66 29 60 18 37 45 96 53 29 12 51 75 48 58 93 64 30 64 85 71 58 53 31 61 61 49 60 39 49 93 60 9 11 87 88 88 59 11 48 89 83 74 
64 51 83 61 31 36 12 54 21 38 4 39 53 68 5 63 25 54 48 58 65 88 59 95 25 87 82 23 3 0 15 95 4 91 89 70 74 35 78 98 17 55 23 0 22 60 55 74 73 12 10 72 42 30 73 85 95 7 67 95 44 89 6 33 58 61 54 52 76 74 45 0 51 60 88 81 61 87 92 93 24 80 17 48 76 45 59 5 86 3 98 70 70 79 39 24 12 98 23 35 
82 90 36 13 90 98 94 85 14 47 72 45 95 0 74 29 97 90 94 12 87 5 46 49 31 51 7 14 81 46 96 8 49 64 20 32 42 81 62 48 36 97 90 32 0 14 12 51 55 48 29 5 16 43 11 63 94 33 78 97 81 49 96 22 16 7 0 97 7 61 67 31 1 9 51 4 25 68 49 79 12 18 92 0 26 86 82 72 35 9 59 8 92 87 8 89 38 10 57 28 
53 53 42 24 96 11 98 85 80 12 29 71 18 83 17 86 70 70 71 65 54 51 63 96 30 43 35 82 53 84 11 22 84 83 14 46 93 82 16 13 47 30 21 50 32 20 10 34 99 71 81 88 95 46 45 87 7 6 10 4 80 98 57 54 64 9 96 42 44 23 97 70 4 80 85 65 66 18 19 56 92 97 73 88 50 39 2 51 67 0 84 83 87 36 96 9 93 92 96 22 
85 87 8 84 97 52 0 26 12 90 1 13 67 63 30 66 31 26 69 8 54 17 70 12 94 70 71 53 35 64 41 53 64 12 54 57 1 8 43 4 14 35 83 8 3 86 29 92 62 23 91 81 45 89 36 9 33 23 31 96 54 60 20 99 18 58 50 75 24 46 41 36 96 71 71 21 80 18 34 93 52 66 19 78 14 47 9 57 52 45 99 58 79 86 76 53 93 71 85 97 
9 35 19 13 30 4 6 48 9 83 36 57 55 42 10 47 3 29 70 97 83 30 8 38 36 48 78 2 86 49 18 32 62 78 85 27 72 56 74 94 4 73 47 5 12 97 64 53 50 5 94 67 74 63 62 12 55 91 17 95 46 45 54 63 90 85 10 94 62 40 67 6 4 83 72 12 76 89 20 67 29 20 46 30 85 16 72 4 58 63 78 6 67 32 36 50 97 30 86 63 
84 19 85 13 53 46 39 22 17 67 59 73 74 17 45 82 96 12 58 46 7 79 1 41 95 31 13 69 20 62 99 73 43 79 66 22 60 99 67 36 89 34 32 4 27 82 40 44 68 29 82 51 57 29 81 67 20 57 77 5 29 65 86 92 57 22 57 81 95 11 65 17 91 44 4 63 18 97 30 31 75 65 73 75 31 67 74 77 88 4 59 21 57 91 82 85 91 6 80 86 
99 93 1 89 74 71 43 6 85 51 12 55 11 1 78 84 51 22 93 62 90 62 32 26 72 31 40 11 30 72 63 46 8 56 98 41 72 77 56 61 27 68 70 57 46 41 43 92 4 22 6 2 98 29 75 70 43 11 75 90 4 87 76 44 95 79 36 52 64 39 27 73 44 44 43 68 74 77 56 22 10 67 41 46 68 98 9 87 32 93 89 35 95 98 92 76 94 15 56 98 
50 28 81 93 32 11 32 52 97 48 82 11 21 60 80 65 40 80 93 21 5 10 10 57 34 40 98 19 7 84 86 83 6 63 50 86 23 32 24 98 37 87 92 38 21 39 98 95 66 37 64 54 56 66 55 60 29 38 15 56 0 78 45 8 96 15 37 63 45 48 68 93 97 75 96 63 94 14 29 64 50 87 98 56 83 96 68 77 43 1 78 19 7 88 78 32 64 82 55 44 
94 99 68 49 97 45 11 86 20 62 25 33 76 99 74 34 81 46 12 67 54 22 89 85 59 48 52 76 34 6 23 29 31 61 83 7 69 56 32 92 15 67 36 85 12 61 52 13 5 26 12 54 85 52 96 73 19 88 92 58 18 19 70 95 46 14 65 37 97 83 56 72 92 12 95 1 42 85 62 24 53 17 15 54 12 57 84 47 85 45 82 89 5 11 96 97 0 41 59 70 
81 17 94 62 97 87 1 91 30 99 73 79 48 3 26 12 59 95 49 19 84 27 93 74 33 53 8 3 18 27 29 31 1 11 56 15 8 14 35 57 25 50 68 67 78 8 73 67 62 72 58 10 44 41 89 15 27 0 22 58 86 64 34 42 21 29 98 54 67 22 76 99 21 75 61 55 67 19 75 88 46 81 52 51 25 37 92 75 24 1 63 85 62 44 87 50 53 27 49 87 
20 75 54 75 0 62 48 23 3 33 40 37 45 5 14 23 51 25 11 42 10 88 91 84 32 27 59 31 26 13 13 63 37 73 25 75 88 19 30 27 74 47 37 72 80 78 1 13 82 94 17 5 55 9 14 4 18 81 47 94 50 46 33 77 96 87 74 15 63 42 47 36 64 58 90 13 52 86 9 89 39 32 35 75 41 71 6 68 71 5 71 34 50 75 58 69 68 90 69 69 
48 10 14 97 94 41 14 39 11 3 77 27 12 31 16 28 6 32 22 76 74 40 74 15 71 65 47 56 24 26 5 47 54 92 19 2 78 99 46 58 91 22 13 88 22 50 66 32 61 2 52 13 45 26 88 58 99 69 65 1 70 7 71 48 3 77 28 20 1 75 86 74 38 90 75 71 90 91 17 20 42 10 64 34 35 7 7 82 76 94 19 44 73 49 74 33 2 34 7 98 
12 50 49 51 86 74 52 24 66 84 58 51 25 76 99 11 56 98 12 31 57 35 54 5 5 40 83 93 39 94 36 28 57 72 83 50 45 25 11 36 4 2 1 46 10 35 5 24 56 17 10 46 45 67 58 81 30 99 21 44 18 36 0 83 18 29 21 59 45 16 93 46 86 20 49 20 73 45 69 34 47 18 63 62 62 59 58 79 16 87 5 2 91 59 90 78 37 73 55 24 
97 8 81 98 62 80 63 17 74 80 88 80 41 90 59 75 75 95 91 20 64 32 39 40 26 16 7 37 60 31 68 59 61 42 29 53 47 96 94 41 25 5 97 75 83 61 43 9 36 15 64 35 68 34 54 61 75 15 23 69 98 32 33 35 45 21 33 82 88 86 83 93 50 36 41 81 47 27 15 53 77 42 94 32 93 92 3 30 39 80 17 21 27 40 13 85 41 96 30 65 
31 0 30 68 89 8 4 4 42 87 70 18 14 58 4 67 67 80 29 70 96 58 14 21 18 55 97 72 89 2 64 63 55 30 90 55 35 43 77 28 77 78 88 17 79 57 59 73 87 4 37 1 47 47 73 10 81 85 96 84 9 0 18 14 72 2 43 4 22 51 93 79 22 40 47 17 52 92 31 93 11 41 82 7 5 65 99 38 55 1 47 5 9 34 53 1 22 78 63 29 
8 25 23 67 19 81 40 50 61 67 63 47 1 7 49 97 96 53 32 99 45 81 42 84 42 68 32 17 49 24 7 38 95 49 15 76 70 81 26 44 19 73 43 4 12 18 46 42 2 99 91 37 85 7 64 60 42 17 64 4 93 74 98 29 69 91 91 32 45 56 15 20 52 20 33 43 35 61 68 42 13 50 0 35 48 60 22 1 62 54 29 9 94 1 41 4 96 70 77 13 
15 21 75 29 69 6 62 84 60 93 3 89 7 4 24 57 34 96 79 40 35 4 46 96 61 80 7 51 30 28 9 70 11 1 3 47 63 80 77 95 10 75 65 76 7 43 3 75 43 2 60 0 11 73 11 6 60 57 18 24 2 27 64 68 35 52 83 47 40 46 55 25 37 68 55 51 21 40 48 46 76 7 8 1 56 93 62 22 96 10 22 5 92 80 90 14 54 70 54 64 
90 60 55 97 28 39 68 92 4 51 80 33 31 40 28 60 48 14 4 76 74 92 57 1 64 87 46 28 64 18 49 26 52 65 39 44 69 91 86 73 62 20 27 44 6 99 48 84 53 70 24 73 92 59 20 53 66 35 28 11 29 66 23 90 45 90 43 49 44 95 17 29 50 42 24 68 63 20 51 77 14 87 43 68 20 99 29 24 90 66 42 69 45 48 93 75 75 52 81 36 
67 28 26 57 68 71 11 36 32 9 14 8 27 71 64 25 89 72 64 74 84 2 1 92 8 73 58 61 25 84 2 41 23 2 5 79 69 73 73 24 72 41 0 35 0 18 21 85 62 77 25 59 4 60 24 12 11 17 83 20 63 77 1 13 60 65 97 18 87 5 66 89 78 27 70 49 93 10 94 35 41 79 34 64 26 72 5 8 12 59 52 25 73 6 7 43 22 69 6 83 
39 11 53 30 8 84 67 63 14 18 72 75 85 82 78 64 42 22 44 32 72 85 40 39 55 30 31 72 58 33 94 88 57 50 7 91 89 60 64 59 19 25 47 14 58 26 59 99 25 49 50 88 80 45 48 87 53 34 19 78 42 18 47 0 54 8 39 96 41 78 56 8 80 76 54 38 52 19 78 6 29 14 39 85 26 96 31 24 35 50 91 91 88 16 5 51 60 19 34 78 
56 96 96 47 53 31 2 18 95 8 86 12 28 94 66 82 0 98 6 98 78 66 12 83 70 27 1 70 57 36 19 16 86 8 92 2 74 38 6 95 11 74 95 41 4 54 96 11 20 79 76 17 76 58 82 36 30 15 26 8 35 3 95 35 87 43 79 99 64 64 23 59 60 37 43 78 31 45 64 21 76 70 38 90 74 17 80 12 74 51 29 49 40 47 70 2 11 69 82 90 
21 62 17 9 62 85 20 70 23 6 51 35 51 9 43 48 65 24 55 18 76 45 78 6 30 50 91 97 11 90 80 89 30 73 91 93 9 10 10 93 82 28 40 21 96 98 5 51 55 48 66 71 75 3 4 82 15 78 15 80 69 78 46 38 60 91 57 32 54 8 54 16 91 20 24 59 29 14 53 24 70 6 78 34 7 6 92 77 50 20 37 52 34 8 11 41 89 60 1 97 
51 6 16 70 14 14 71 78 33 33 49 82 16 73 30 47 8 37 53 55 7 48 62 28 23 29 60 60 51 50 16 32 18 9 19 47 99 94 52 45 88 70 73 37 15 76 35 63 82 82 52 73 10 58 65 0 50 89 5 57 57 11 69 30 41 21 7 3 6 64 52 77 42 43 32 66 70 58 81 44 93 63 17 14 95 61 67 41 61 40 13 52 35 17 33 58 70 14 85 51 
83 11 22 65 39 38 23 68 68 20 95 0 45 5 27 59 82 90 92 30 66 37 77 95 64 58 91 0 19 31 13 38 90 48 95 81 27 80 66 39 11 46 78 51 34 72 54 15 71 2 39 95 47 74 44 96 70 82 97 45 74 90 75 33 35 3 70 41 47 29 72 39 50 44 41 28 24 60 95 50 14 99 49 9 11 45 90 26 28 19 47 32 78 37 46 3 46 92 60 6 
9 80 41 53 53 37 65 7 48 73 6 64 79 41 1 86 2 47 77 54 30 24 78 9 47 93 58 44 27 19 16 47 22 35 70 96 0 71 9 8 32 14 62 14 79 42 52 57 92 48 95 74 16 64 34 37 57 14 36 44 71 71 95 48 95 96 39 9 23 76 2 64 5 24 32 87 12 0 61 91 57 88 52 9 74 32 34 19 52 59 24 88 16 58 97 6 30 68 55 31 
2 37 16 86 28 47 76 99 91 33 1 42 69 6 53 44 77 40 35 39 44 26 29 55 47 74 61 60 37 95 83 26 2 26 30 62 59 99 8 59 13 47 11 37 64 80 58 25 43 52 36 89 73 45 76 53 5 68 0 26 50 21 78 54 97 66 96 93 92 64 3 6 21 98 44 85 82 56 82 91 9 51 10 78 15 85 20 83 73 7 1 69 75 29 53 4 16 3 43 22 
14 25 91 4 42 0 24 68 91 19 2 46 28 74 73 89 42 18 2 8 86 81 61 96 79 37 44 91 36 31 3 73 48 44 61 82 86 15 82 20 59 88 13 55 98 46 76 50 26 88 89 88 94 96 79 59 97 35 42 27 79 67 84 47 52 43 24 95 44 65 23 13 86 21 40 73 37 77 15 34 40 2 38 7 64 14 0 23 95 12 67 53 23 51 68 90 45 87 17 95 
55 16 62 2 9 76 26 56 75 27 28 28 86 77 33 50 76 81 72 95 8 95 61 0 54 35 46 61 47 75 31 59 45 93 84 15 54 50 44 53 94 50 88 61 65 66 9 89 61 65 54 63 64 86 21 32 46 98 12 25 42 45 19 93 81 7 84 64 23 75 54 71 56 80 14 71 82 87 62 30 65 52 75 91 95 15 70 6 18 1 70 32 82 67 88 68 87 88 31 2 
42 55 7 14 75 39 27 16 36 64 82 39 83 16 42 24 97 56 22 73 42 29 34 73 83 50 3 77 31 86 33 28 77 26 11 51 10 37 30 23 90 59 42 75 28 51 0 81 98 47 81 45 1 47 53 84 93 74 88 46 65 70 37 50 87 99 0 72 5 34 57 69 46 34 13 26 22 35 36 95 59 65 40 66 97 14 53 14 29 87 86 62 58 96 3 60 31 84 27 4 
52 48 56 41 67 90 85 77 42 1 75 76 38 89 19 37 81 37 34 54 69 73 70 37 24 8 61 55 71 63 79 92 91 14 48 3 80 63 6 39 12 0 21 82 28 5 93 89 17 43 4 77 26 87 67 48 28 34 48 82 62 88 54 50 14 51 25 0 51 61 85 85 41 74 13 13 54 63 62 83 21 81 42 97 77 55 62 30 86 89 43 62 28 13 84 85 57 68 22 87 
71 24 50 81 47 13 67 11 2 20 52 38 22 87 36 8 0 3 62 84 95 42 63 30 93 29 86 65 12 93 16 60 68 31 56 25 71 30 40 2 98 36 72 2 66 13 83 18 5 27 4 0 65 49 39 30 9 63 72 51 80 42 54 67 34 68 48 73 98 89 28 54 60 7 33 51 82 35 19 5 30 97 8 36 26 50 69 86 0 12 41 2 47 78 25 97 26 17 61 43 
31 42 2 77 10 28 93 94 79 44 87 3 53 16 89 71 21 41 26 3 50 76 49 3 82 58 29 81 66 67 88 49 53 60 7 33 67 4 40 26 83 58 4 48 45 23 51 86 41 69 61 24 44 27 14 68 70 23 69 68 11 77 12 35 34 1 95 21 46 8 83 43 3 7 29 58 10 95 23 52 96 35 26 10 32 68 6 71 73 63 21 12 49 41 74 67 53 75 25 90 
33 78 26 70 64 43 59 63 19 12 93 69 41 28 55 95 31 13 89 84 77 26 75 15 1 25 6 11 77 79 29 31 43 26 56 54 5 44 33 38 10 90 69 66 16 17 81 61 58 4 48 37 76 14 52 93 17 62 95 26 20 65 16 80 24 34 58 43 45 33 0 0 50 48 85 34 77 1 51 68 23 94 62 24 20 9 23 32 83 24 53 69 77 68 34 54 56 52 3 10 
58 57 80 79 7 75 32 21 60 59 83 50 44 99 33 64 68 21 93 6 49 51 54 51 92 14 2 11 51 2 56 22 63 13 32 54 82 32 60 11 85 54 33 93 96 74 50 42 32 72 13 95 33 87 19 84 29 77 53 57 89 38 36 11 28 89 25 6 5 77 5 9 20 43 2 57 58 81 31 1 72 42 69 89 14 11 39 8 29 86 54 40 47 56 56 33 5 89 2 69 
41 78 1 18 49 30 98 76 40 78 16 45 96 97 57 26 39 8 84 88 82 93 82 55 99 86 16 77 26 72 80 54 86 69 97 3 72 43 0 72 17 66 69 43 96 88 14 89 90 30 54 19 65 65 57 6 22 27 43 54 75 16 14 45 5 88 8 22 6 57 29 36 65 13 76 21 12 86 52 71 10 33 6 57 66 92 34 45 57 14 54 9 48 19 37 11 24 77 99 61 
13 42 48 9 56 55 84 37 32 84 54 75 79 45 88 55 58 48 81 33 74 88 20 76 93 66 53 27 36 46 65 4 6 80 26 74 30 99 95 43 28 58 13 85 37 93 35 56 95 30 36 9 83 25 74 58 6 61 73 49 70 8 88 25 82 12 39 27 91 90 33 50 20 40 60 29 60 10 44 68 15 86 12 93 50 69 71 12 63 27 17 10 81 82 40 98 51 94 70 76 
43 76 20 66 45 13 36 80 24 32 66 60 68 84 0 14 49 3 24 60 61 10 46 89 92 22 86 87 75 6 11 38 90 41 57 27 53 14 21 53 2 63 78 63 24 44 90 11 47 12 1 85 74 72 60 42 29 50 14 86 61 43 95 12 32 69 15 30 45 68 2 13 64 47 11 33 66 73 86 72 44 53 29 99 28 30 34 70 79 59 71 85 68 58 26 70 38 20 79 66 
38 17 7 30 83 91 26 59 26 68 97 93 75 79 92 7 61 88 49 52 62 13 90 67 70 55 83 33 38 17 64 23 62 25 74 26 96 49 35 20 51 9 74 51 6 89 67 76 99 2 29 12 66 12 66 13 22 90 87 0 33 57 4 82 67 74 76 29 37 67 9 60 7 28 7 97 0 46 50 70 12 47 69 86 7 23 16 26 96 75 66 12 88 8 95 18 80 34 0 13 
44 34 81 83 73 12 93 64 89 17 64 78 22 88 41 87 37 88 47 10 12 5 55 55 29 70 22 3 81 95 99 64 47 42 66 54 77 3 70 95 69 39 58 50 64 6 54 74 40 13 60 93 74 98 94 63 22 15 61 69 29 31 8 14 80 82 13 0 95 59 86 10 1 20 68 37 58 3 96 16 64 79 75 68 66 56 0 79 26 86 75 45 70 38 65 5 9 20 85 10 
56 93 93 9 11 4 53 76 72 67 90 95 57 34 39 86 56 68 65 92 1 28 89 18 95 98 82 23 64 22 43 67 66 5 50 37 92 3 1 5 54 76 69 37 0 93 89 28 61 46 84 1 6 89 50 73 44 14 12 67 40 57 34 15 50 47 25 49 4 0 53 55 4 88 77 46 3 82 52 37 11 81 62 18 99 21 95 53 9 5 83 14 1 33 67 62 80 58 95 45 
4 49 9 19 70 20 57 5 79 23 81 49 23 59 78 32 39 44 88 98 94 80 30 51 39 89 38 41 49 63 40 70 14 4 60 15 48 40 65 74 5 45 83 28 58 14 85 9 78 49 12 44 56 35 26 46 14 43 34 47 55 43 83 47 24 26 87 62 86 68 30 57 55 76 59 3 62 35 74 64 40 30 11 20 29 82 22 75 86 73 32 4 24 60 89 44 20 42 61 1 
77 44 24 6 7 19 1 93 97 62 82 18 77 85 86 49 66 88 75 27 79 32 3 1 54 98 93 42 56 54 79 70 31 63 54 82 0 44 52 82 5 58 81 9 78 47 61 51 72 42 81 5 81 76 72 13 67 31 8 64 19 60 25 36 41 7 37 57 37 57 52 14 80 37 86 48 25 51 83 7 25 17 43 86 85 29 22 84 26 49 53 46 57 1 78 59 84 6 0 17 
28 35 31 94 97 65 54 27 3 7 93 24 63 39 41 92 41 54 94 51 14 29 53 69 89 17 3 64 14 48 40 24 8 58 6 58 44 99 80 51 28 21 19 38 32 88 60 93 38 80 20 44 65 3 8 23 29 20 27 34 73 39 64 17 13 42 56 64 29 11 1 31 49 43 80 50 30 98 60 37 61 44 87 90 58 87 25 47 28 90 98 13 48 74 17 85 11 38 47 6 
71 61 28 95 80 19 88 51 35 87 40 78 96 47 76 42 89 17 52 54 30 78 22 10 10 96 55 55 38 4 35 99 44 96 46 48 67 69 12 29 45 29 77 22 93 0 22 82 2 84 79 6 83 73 29 91 13 6 69 3 26 30 5 92 99 50 15 69 57 15 76 33 35 14 83 49 67 78 86 89 93 97 31 6 64 63 39 55 92 56 32 49 75 81 29 91 5 41 98 54 
25 83 95 74 1 22 13 17 33 60 19 0 70 20 83 70 83 76 97 59 31 50 15 58 82 53 34 99 12 10 71 40 49 35 78 24 15 19 31 96 5 31 62 81 26 69 9 27 17 8 39 57 30 15 71 5 9 13 76 13 21 48 48 78 72 33 20 15 5 24 6 69 98 11 82 94 67 80 25 80 74 26 56 60 5 61 55 46 53 3 33 59 12 37 14 28 2 82 10 12 
75 72 50 97 20 56 68 31 18 72 92 14 63 0 32 81 20 54 32 46 43 61 71 24 18 7 0 62 11 49 60 34 49 24 14 15 19 58 68 39 84 59 42 23 54 68 41 54 55 11 74 48 37 0 50 88 17 76 76 1 39 80 5 2 63 56 55 75 35 80 17 98 51 99 14 49 89 39 12 13 6 36 92 8 97 32 55 64 39 18 82 4 58 81 37 95 74 32 40 37 
44 88 12 84 25 41 21 76 2 60 4 18 86 20 38 59 45 8 89 87 94 21 71 80 4 69 41 85 48 71 42 74 22 16 4 29 88 20 50 98 67 45 59 56 53 41 41 80 39 50 85 57 12 67 99 12 13 92 25 76 38 74 41 69 41 36 70 34 46 58 30 25 83 80 81 11 84 29 69 59 2 12 31 71 31 50 33 32 21 6 52 33 77 2 92 19 5 58 10 87 
46 61 28 76 86 54 63 59 72 33 93 65 89 23 38 80 13 92 78 48 61 30 79 11 15 29 55 62 23 93 46 10 87 59 89 80 7 23 57 9 55 25 98 45 54 79 43 4 29 59 45 45 67 62 86 66 18 51 67 84 93 88 61 49 19 30 29 80 48 83 70 92 91 93 72 87 84 12 5 55 3 44 23 22 36 28 8 79 32 86 4 49 89 28 93 15 37 42 71 96 
72 66 35 72 51 80 78 27 63 26 9 38 39 90 71 87 1 61 73 92 87 68 81 64 9 1 39 45 89 49 80 60 11 3 7 5 22 15 20 14 43 24 95 56 57 95 26 29 57 97 66 44 62 55 59 80 55 63 18 70 3 57 27 81 93 99 67 76 42 83 43 71 40 83 62 6 61 41 95 11 31 75 63 0 17 21 34 32 25 41 7 18 55 60 25 46 47 30 18 1 
62 82 31 71 3 15 66 11 3 97 96 45 21 37 27 54 96 62 45 25 85 33 73 77 5 4 93 24 31 4 21 50 50 4 11 57 78 36 20 23 83 55 50 20 18 61 19 61 91 60 4 81 66 5 9 64 30 54 60 90 74 1 64 97 22 23 48 93 14 29 28 90 85 55 55 67 81 96 82 6 42 18 64 31 96 94 31 58 52 29 57 32 32 4 86 69 78 33 50 79 
23 84 49 89 74 93 51 66 36 26 89 32 41 55 21 20 71 40 10 64 12 3 30 18 66 34 88 95 98 51 63 68 82 91 4 87 96 52 13 37 38 39 35 47 92 80 74 67 18 50 10 16 99 66 56 61 62 80 93 25 46 9 78 19 1 43 1 52 49 33 62 17 11 58 73 51 51 21 0 40 32 6 20 76 15 99 29 16 78 31 50 45 3 31 21 36 58 8 70 9 
79 92 26 17 43 44 11 41 54 26 46 84 2 54 84 4 50 98 77 19 32 54 30 31 27 21 29 4 60 50 6 13 80 5 36 94 86 30 84 40 22 94 37 85 21 83 37 82 70 15 3 15 46 80 30 86 63 74 45 50 78 72 19 80 94 64 0 50 29 14 17 68 53 46 37 13 45 45 72 92 29 21 20 94 7 8 34 10 72 72 22 14 90 15 50 87 15 84 36 32 
54 32 21 6 0 91 81 12 62 68 41 9 26 42 48 95 95 11 53 31 60 13 47 48 31 91 58 41 18 35 29 65 46 58 73 61 96 19 49 41 29 43 15 2 76 88 10 63 97 65 87 74 53 17 57 81 5 44 32 42 58 35 78 51 90 70 0 37 55 78 26 32 64 72 26 2 45 88 6 56 27 14 29 86 21 26 19 52 16 58 47 51 77 92 52 5 64 77 55 99 
75 70 40 33 52 53 63 69 12 94 45 13 68 5 27 47 22 31 18 82 32 85 4 58 62 0 62 19 17 99 50 6 35 9 22 1 14 91 6 24 9 9 75 47 32 56 88 65 59 11 38 34 53 80 26 82 49 6 26 98 30 20 52 46 31 41 81 7 32 93 90 81 44 23 15 85 99 53 73 41 19 99 42 16 15 36 30 36 26 41 4 57 82 28 54 36 6 52 65 63 
88 5 76 87 81 46 98 31 82 89 6 7 36 47 63 80 14 49 56 94 61 94 93 88 48 82 71 51 22 90 29 29 65 37 15 75 28 7 23 1 55 88 94 17 29 95 12 27 82 83 63 59 71 37 69 31 74 11 76 31 86 21 1 42 43 75 16 51 77 90 3 24 95 82 9 93 98 66 70 96 15 74 76 27 22 62 43 3 35 79 0 8 90 96 86 18 1 5 11 38 
37 62 22 71 46 2 8 82 23 6 96 12 78 25 70 59 63 80 72 64 71 22 64 79 6 86 96 83 17 15 23 28 62 81 71 58 13 85 75 92 72 13 19 37 29 77 46 6 59 61 51 20 90 76 79 67 58 16 78 7 38 99 64 6 25 53 82 14 70 39 17 96 89 72 78 49 98 10 31 52 56 19 81 57 64 17 50 89 51 98 61 41 4 20 7 83 15 43 29 14 
23 4 99 25 39 19 87 40 7 4 42 6 15 95 74 34 97 20 1 91 71 28 8 46 91 9 80 99 66 63 89 74 74 60 9 72 64 13 27 72 18 75 51 71 49 13 45 28 29 66 15 47 19 57 28 60 8 35 34 91 0 17 21 91 29 55 25 91 93 64 64 59 85 10 21 15 85 17 86 89 92 75 69 29 16 22 33 69 93 38 46 22 84 57 14 72 55 8 50 1 
35 2 62 56 66 66 8 67 30 6 94 47 90 63 58 96 28 16 78 1 19 57 16 16 65 26 75 37 88 40 78 43 80 44 28 32 84 72 25 46 78 97 77 78 92 89 7 76 37 77 23 95 58 6 67 62 81 17 10 83 92 43 94 59 38 94 47 34 23 54 8 36 0 94 46 0 60 79 27 53 9 5 73 35 47 31 79 71 43 78 71 84 34 45 5 47 63 8 75 82 
71 12 49 18 20 21 90 47 96 95 55 79 58 50 36 53 20 17 61 87 83 9 47 63 48 9 44 6 29 61 71 17 80 84 30 31 10 54 0 91 62 2 19 27 78 46 95 58 79 20 73 14 13 29 70 81 61 5 98 89 87 50 75 13 34 8 30 75 22 24 13 22 24 72 70 5 19 19 75 33 58 28 2 85 61 48 11 84 70 35 16 18 77 92 32 0 49 25 11 82 
28 49 5 70 40 40 16 7 72 7 8 42 91 37 93 27 39 88 83 91 37 40 1 4 46 53 26 46 41 83 61 41 44 63 23 15 40 52 91 31 81 6 97 30 41 74 45 61 39 66 6 70 87 96 14 24 68 57 16 66 58 62 98 39 6 55 60 75 51 50 16 64 70 34 90 15 71 8 83 37 69 78 6 98 16 82 75 45 22 78 3 52 13 14 87 57 30 37 43 52 
64 83 74 91 15 26 72 64 47 75 59 2 22 80 86 30 81 52 91 31 8 78 59 76 52 26 27 69 81 68 13 57 37 3 35 55 40 33 7 18 28 83 76 57 68 7 84 99 72 20 30 42 74 6 30 87 52 23 31 81 73 34 81 47 29 29 27 64 49 0 58 35 10 72 98 8 64 21 53 51 46 47 82 67 85 62 75 44 58 33 46 89 35 1 32 53 60 55 3 18 
98 87 38 78 53 21 15 82 83 32 12 76 92 89 61 53 83 34 20 19 44 20 2 19 16 90 25 91 86 39 39 14 56 74 26 60 13 15 68 3 7 5 25 42 97 42 39 9 33 30 2 65 20 52 23 29 6 45 97 81 27 46 34 75 77 28 47 35 50 70 64 24 10 91 34 27 48 5 45 41 44 9 64 73 93 64 90 99 19 25 20 28 4 76 49 21 94 70 65 6 
53 10 24 56 75 64 45 25 63 48 98 15 74 21 23 51 67 98 43 7 78 48 9 11 99 33 95 33 60 77 83 82 12 59 67 43 33 78 78 35 61 73 75 27 0 96 38 52 49 96 73 59 58 44 21 23 97 57 81 18 5 3 45 57 12 45 35 53 70 46 94 74 58 57 44 63 47 54 6 2 77 39 37 22 85 2 51 62 15 55 34 80 47 64 40 62 10 99 56 19 
81 32 57 65 69 76 96 77 18 37 2 44 18 6 42 57 30 30 36 14 35 76 7 84 80 94 92 13 56 90 55 32 82 52 10 44 44 13 80 13 36 4 3 95 76 55 89 23 81 88 87 71 71 68 80 89 86 11 0 99 3 54 44 81 69 78 65 95 62 18 35 77 39 34 65 53 51 72 37 36 42 87 21 35 1 51 20 83 60 89 41 91 68 99 58 81 86 97 48 11 
36 77 58 7 14 92 15 93 43 82 68 76 65 65 34 88 39 13 83 15 46 18 95 69 98 68 58 8 61 54 16 95 44 15 36 30 29 98 22 67 52 49 19 52 54 4 21 26 95 45 55 96 4 78 17 94 76 43 95 34 70 45 8 64 63 60 14 39 0 56 93 76 7 5 88 31 57 45 90 51 47 76 41 98 41 35 35 64 84 38 78 60 37 86 2 45 1 71 60 85 
62 25 13 59 6 82 63 46 11 79 23 49 70 6 72 53 52 40 22 2 1 42 7 81 39 81 14 10 71 54 33 84 66 51 5 73 10 19 19 87 26 56 5 79 72 67 2 58 74 96 54 61 3 43 69 18 30 81 69 75 75 39 50 44 73 64 66 16 16 93 25 77 71 70 35 82 25 99 43 36 96 64 14 83 70 68 44 89 83 0 67 5 22 3 18 70 64 49 67 98 
82 12 8 29 23 11 79 41 37 73 64 4 90 20 63 83 78 79 74 8 19 64 79 3 85 86 34 93 35 78 89 43 2 24 17 53 12 13 81 52 44 71 25 40 44 28 32 90 67 74 48 15 8 54 54 89 99 68 53 42 98 38 84 81 66 81 24 20 16 68 26 55 18 35 9 22 58 39 94 75 81 90 57 44 36 74 43 92 35 64 56 67 14 79 11 26 32 2 28 62 
61 90 38 3 95 86 56 82 21 90 97 22 24 99 38 93 70 75 11 18 63 60 43 22 57 59 39 34 91 77 50 75 25 10 80 91 43 75 0 86 95 74 28 59 5 41 30 21 61 66 57 90 50 10 9 83 21 31 7 39 95 0 1 48 63 75 92 95 63 60 95 24 34 97 15 27 90 95 87 13 75 44 58 1 96 39 70 56 44 31 32 19 99 0 85 65 83 26 56 36 
53 67 53 52 0 55 27 13 20 43 89 16 59 19 66 29 32 7 3 75 84 15 2 1 57 77 28 36 41 87 90 9 79 57 79 48 43 2 40 9 64 35 46 42 45 59 68 93 92 13 40 4 11 26 48 18 20 66 48 35 9 65 54 90 39 98 0 90 90 4 5 60 20 92 83 60 77 86 97 26 72 59 69 97 83 93 74 84 40 40 85 97 74 94 17 36 63 58 34 50 
21 19 79 85 26 5 54 68 19 38 24 35 66 79 36 8 99 1 89 26 66 76 4 87 39 20 54 42 45 77 22 58 95 21 94 12 44 68 71 29 47 77 62 44 71 50 48 48 79 16 81 45 80 84 29 59 89 16 50 20 15 62 30 44 58 38 21 86 8 75 34 96 21 13 30 49 79 80 95 62 59 26 73 55 63 44 71 36 25 70 93 59 32 59 50 95 1 88 72 26 
49 32 33 19 49 15 57 31 86 48 33 49 19 41 66 51 95 46 35 95 95 58 46 58 20 82 93 96 32 38 36 64 95 69 87 77 55 98 74 77 81 8 35 41 95 23 67 69 89 40 48 14 99 76 82 61 70 84 32 89 7 7 5 44 42 62 34 10 48 72 58 87 22 42 37 98 31 53 57 94 55 88 63 96 86 71 12 93 76 16 95 17 66 40 14 87 50 21 71 51 
46 27 25 74 98 7 26 73 27 31 24 49 39 80 87 5 18 48 57 84 57 40 1 45 30 97 72 92 79 56 85 63 91 40 30 93 34 63 19 49 27 13 95 42 47 48 21 2 73 27 41 17 69 46 58 39 1 58 94 4 21 53 20 2 65 47 70 80 81 6 20 3 27 39 43 22 57 62 20 42 45 16 99 81 1 67 4 54 0 58 37 46 68 94 14 89 42 28 16 48 
26 99 92 69 4 36 75 52 39 89 33 5 48 11 71 10 35 3 24 10 96 82 65 50 8 36 25 3 36 90 13 20 23 80 19 85 16 86 76 36 3 4 64 40 37 91 6 19 24 90 5 20 71 7 81 96 65 70 69 84 49 91 13 0 55 51 46 79 73 19 37 27 52 16 76 82 87 58 28 32 20 67 48 27 91 91 97 41 60 58 55 5 96 41 6 33 38 57 41 69 
29 24 91 20 58 5 54 31 24 34 96 86 40 80 20 67 6 46 66 52 11 30 47 61 9 37 95 45 56 5 95 9 62 40 9 23 89 55 41 19 19 24 51 28 62 71 71 37 78 74 48 77 8 87 32 80 36 63 86 43 57 13 89 11 23 61 72 20 81 49 38 67 28 55 69 50 4 93 45 32 89 25 42 41 97 69 90 14 5 22 28 36 53 95 98 13 83 65 68 76 
34 13 37 94 87 9 33 25 44 62 79 4 33 9 89 11 0 48 59 80 28 40 40 54 92 9 83 53 64 17 56 66 16 37 85 13 16 84 3 32 28 1 65 38 53 80 5 3 95 68 64 21 65 23 87 68 50 9 99 94 1 5 5 11 91 50 54 31 83 1 80 67 67 4 50 76 45 86 9 42 68 8 92 78 60 36 4 26 39 55 91 25 10 33 58 5 91 83 9 84 
40 0 68 67 68 97 43 25 49 61 33 31 98 53 49 14 5 27 36 57 35 13 27 1 59 92 32 94 81 6 70 36 52 5 50 15 45 45 71 50 57 20 46 86 97 23 35 25 40 99 67 64 47 14 98 2 96 96 14 66 19 21 80 80 69 96 79 39 37 84 59 81 41 34 92 99 76 74 39 67 22 10 20 68 81 61 57 36 53 39 5 52 70 74 76 35 20 4 50 79 
84 18 51 73 93 64 90 11 81 98 9 25 57 98 95 27 11 59 75 76 42 10 8 28 59 71 82 17 86 82 0 52 58 86 14 78 81 86 29 69 55 90 80 10 31 28 65 15 7 20 17 85 95 77 36 18 80 61 13 3 29 2 4 21 31 1 8 9 94 32 44 2 7 51 17 98 82 80 78 52 43 20 38 92 21 31 9 54 23 95 77 96 95 88 47 27 7 75 86 73 
34 17 8 81 43 49 3 90 96 90 53 32 53 42 51 15 14 18 18 49 47 59 39 96 42 20 21 53 54 60 20 39 18 46 33 58 36 88 15 49 39 78 51 97 75 71 91 8 51 32 0 59 39 11 87 64 80 93 89 63 77 76 9 37 83 44 42 93 94 12 52 67 97 51 76 98 8 64 19 79 57 58 94 50 89 44 64 23 68 92 24 33 6 11 42 93 75 53 27 95 
85 96 39 64 1 38 35 36 52 43 87 2 38 0 17 36 52 54 75 89 78 89 73 48 42 60 99 27 28 1 93 15 50 58 92 21 99 87 12 82 75 36 34 43 84 14 57 8 12 41 79 75 65 8 21 7 86 84 47 85 20 42 16 49 87 80 46 14 23 30 32 24 5 77 61 34 34 7 77 67 21 72 61 19 71 57 63 18 64 83 50 13 85 74 11 6 34 51 33 13 
17 87 59 94 42 96 55 61 75 13 81 28 31 89 60 92 79 68 36 70 10 93 25 14 98 91 71 5 89 27 39 84 77 65 64 69 14 67 97 78 77 10 14 15 26 66 77 87 29 24 12 26 50 86 80 21 87 31 60 74 86 35 73 22 47 25 60 36 49 28 59 32 59 35 28 64 86 16 32 98 38 26 42 30 14 69 14 93 64 90 49 26 24 73 38 79 87 79 98 28 
75 55 0 64 21 11 14 92 60 19 40 44 4 66 83 39 61 23 52 86 84 86 18 80 31 7 92 76 37 59 75 55 16 66 40 9 47 12 73 22 94 94 70 37 80 52 98 83 15 28 73 85 26 86 20 32 38 6 15 20 57 53 91 40 1 39 20 99 69 0 44 94 1 31 17 54 98 47 60 77 36 36 82 0 43 77 83 62 75 78 16 88 20 96 53 16 16 96 8 26 
35 24 76 89 26 84 98 30 71 33 12 42 47 67 75 5 76 68 74 23 1 98 59 10 12 18 9 29 55 27 27 11 9 16 89 2 11 50 24 33 61 44 7 44 70 12 35 68 45 87 70 82 76 12 95 84 7 61 53 2 4 89 26 69 4 0 14 69 34 93 60 88 50 37 72 30 61 1 6 84 22 14 50 16 92 2 5 2 23 90 42 35 85 77 40 76 78 48 84 11 
1 12 30 82 64 52 8 25 38 60 57 77 59 16 7 48 73 21 56 46 98 24 87 76 16 93 2 5 12 87 78 19 54 13 13 99 13 84 55 95 90 26 44 67 57 82 37 78 76 89 9 66 46 69 26 14 51 3 96 55 31 67 12 1 32 66 49 84 23 15 28 22 33 35 82 35 66 17 43 18 23 34 79 2 5 47 15 21 9 80 65 87 41 50 12 74 6 84 0 8 
36 79 84 30 51 58 76 88 20 83 37 93 3 47 75 56 22 3 47 75 38 32 9 55 36 93 76 69 14 79 83 3 75 29 50 22 29 8 58 30 33 56 40 2 1 29 61 62 29 1 85 2 54 35 58 13 86 67 76 58 59 67 45 2 80 73 99 46 81 30 10 26 3 6 44 93 3 81 24 43 38 25 7 5 5 5 21 72 81 34 93 93 9 67 15 24 71 71 74 26 
21 38 47 3 77 51 80 91 63 37 44 56 80 79 58 1 71 25 41 5 92 36 47 39 0 69 56 57 20 70 92 35 27 52 67 45 14 65 93 99 27 41 27 80 34 50 29 13 0 84 79 15 70 10 65 71 96 63 14 77 79 36 81 88 81 62 99 72 96 38 95 61 49 3 31 95 93 51 45 81 68 70 26 30 53 4 15 42 98 14 93 97 16 23 72 45 94 26 90 93 
46 82 41 74 40 69 72 37 34 10 13 21 19 79 56 11 92 94 75 15 68 18 27 48 51 36 37 42 5 6 13 79 40 99 27 73 15 88 95 7 13 11 75 26 29 39 73 73 51 67 59 2 71 78 65 31 80 34 25 0 28 32 31 99 38 4 58 38 56 16 63 68 74 22 47 3 43 49 3 68 82 73 91 55 35 32 22 68 56 31 92 10 34 73 1 80 44 36 78 98 
38 41 1 40 6 98 90 0 63 83 27 68 13 6 4 75 57 86 63 81 5 25 98 13 99 32 34 46 82 52 2 23 73 55 21 76 79 49 36 82 67 75 19 46 60 87 33 37 95 53 83 86 44 2 77 60 27 87 31 13 57 32 59 64 5 21 62 87 50 37 56 52 57 70 79 33 52 84 59 65 75 45 96 57 34 64 44 11 58 12 20 62 87 72 12 14 42 73 85 81 
56 75 99 98 39 79 95 57 99 56 34 92 24 82 42 68 86 39 77 42 60 88 16 68 9 23 34 47 92 77 41 27 80 67 16 81 15 20 78 71 62 81 85 61 61 15 54 51 59 5 5 6 37 99 96 64 44 22 40 78 27 6 7 88 25 32 4 8 55 43 96 26 86 21 13 64 80 69 52 32 99 25 23 30 26 65 55 48 54 94 52 3 88 35 50 88 41 79 98 99 
26 1 46 99 57 61 57 33 36 36 15 1 93 50 71 91 57 9 18 14 92 13 95 31 77 10 59 16 27 69 39 19 28 90 76 96 21 69 2 17 13 48 44 9 84 17 63 39 31 25 28 45 23 43 7 45 99 9 18 51 31 48 47 74 61 34 29 51 32 37 4 3 99 69 2 1 94 86 52 8 49 7 58 26 26 2 64 41 23 53 30 69 16 84 9 87 21 65 70 27 
96 72 90 64 14 35 70 16 94 97 65 74 5 56 68 64 64 56 49 28 51 62 60 74 96 31 25 87 8 18 22 81 32 72 64 43 6 53 24 22 72 49 4 55 97 40 9 31 51 99 19 93 49 92 23 67 66 27 33 52 82 62 98 64 12 51 39 68 27 96 63 51 64 23 9 53 87 98 90 60 14 69 74 64 16 38 68 39 71 34 11 37 39 5 1 56 19 14 67 7 
93 12 7 92 22 91 33 76 69 40 42 10 61 30 16 18 51 30 26 15 1 30 79 38 39 91 60 98 55 12 39 9 16 49 37 64 47 9 64 46 38 76 90 5 52 64 28 42 84 34 58 42 33 16 98 36 74 0 27 92 39 91 88 65 44 90 25 84 53 85 65 29 18 87 13 93 95 6 60 68 46 55 43 64 91 75 35 86 73 79 77 73 99 77 89 16 90 93 30 22 
41 83 77 4 33 93 84 55 46 43 9 73 97 97 58 57 47 81 67 53 22 86 11 94 87 19 87 40 64 12 5 20 91 82 75 28 75 14 30 62 45 16 74 11 33 4 63 54 26 60 6 83 47 39 52 81 64 85 6 35 44 44 57 42 0 87 80 32 64 41 4 83 80 89 64 49 78 87 81 82 30 57 11 34 34 31 13 45 76 95 41 37 4 85 87 79 14 18 52 64 
24 68 82 81 87 74 62 96 92 95 89 1 13 36 43 5 73 93 1 66 84 57 60 96 22 3 51 87 27 51 58 80 7 25 63 44 19 70 57 10 99 16 90 64 77 49 9 45 50 55 77 13 1 30 41 42 69 1 64 82 50 14 70 17 1 13 8 28 78 34 12 58 23 38 9 14 40 99 18 9 83 87 28 21 17 64 33 46 52 52 63 8 6 54 73 86 22 67 28 78 
14 39 69 16 53 17 97 27 69 48 89 33 91 94 63 50 73 57 31 61 77 69 43 38 5 5 55 48 22 97 32 69 25 11 33 45 75 48 95 76 48 2 15 66 90 16 86 57 30 62 97 14 47 93 92 72 38 89 11 1 50 41 47 5 29 62 94 44 78 65 99 87 4 26 96 99 28 33 84 25 91 86 3 81 98 79 52 4 77 79 46 31 88 84 26 51 88 26 44 93 
47 34 0 91 23 40 39 68 89 57 42 66 11 23 98 47 98 42 57 60 42 34 4 30 18 38 17 65 16 89 82 85 32 92 75 5 64 43 93 21 17 39 31 21 64 83 2 74 83 73 63 23 73 4 68 32 18 23 83 38 40 25 85 87 19 47 95 47 7 97 77 87 60 68 16 25 33 35 74 72 85 97 55 6 54 19 66 55 34 95 84 83 40 24 64 47 22 74 21 92 
12 40 56 1 62 32 85 74 54 95 50 61 4 10 37 83 53 0 95 58 77 45 6 78 8 66 76 58 91 90 68 81 56 37 65 48 67 27 45 93 47 3 76 72 36 44 40 93 90 19 63 14 90 2 50 62 51 49 85 23 5 44 81 76 29 72 81 86 51 49 68 68 75 50 29 81 46 99 49 29 29 4 85 6 83 31 19 68 95 92 26 58 44 54 91 11 8 45 24 89 
91 29 79 14 57 50 36 8 28 14 75 85 54 99 46 94 63 65 63 91 16 98 76 56 88 45 87 6 13 79 81 41 57 4 62 72 22 65 95 54 11 30 55 16 62 3 77 51 38 11 62 55 32 28 54 20 45 40 85 43 85 51 88 69 27 82 88 48 51 80 42 94 56 91 80 34 31 1 47 95 12 76 85 76 84 90 85 2 27 73 52 72 78 21 82 81 35 71 58 5 
40 67 58 84 22 45 99 84 59 65 31 89 25 35 92 35 56 84 0 62 74 38 53 65 62 5 79 93 87 83 91 3 33 81 27 25 64 76 87 5 88 55 14 38 45 5 66 39 20 25 8 5 30 8 71 88 55 3 98 69 53 66 68 99 59 36 44 28 44 3 73 93 48 79 20 96 44 34 48 24 61 19 20 50 31 51 83 43 27 39 0 18 3 39 57 8 24 94 10 49 
