81 66 24 70 99 98 19 55 18 6 96 76 92 14 81 82 77 73 90 31 77 23 24 38 29 45 97 84 84 65 83 3 64 20 91 96 21 4 9 59 53 97 21 25 52 2 20 73 50 44 41 55 75 19 25 41 43 42 21 41 26 92 38 65 9 66 1 89 82 67 64 18 0 5 0 39 23 6 33 45 18 55 91 63 93 76 75 91 57 96 65 34 90 83 90 57 9 21 37 25 
83 12 74 88 24 60 68 98 90 26 76 23 44 43 20 97 95 98 24 0 60 13 50 96 8 32 37 7 32 39 49 80 83 22 45 7 64 69 61 18 32 56 57 79 33 23 13 39 32 50 34 38 44 5 29 96 35 2 26 35 49 63 52 70 62 41 68 70 1 85 47 50 15 54 63 73 60 51 48 67 48 91 19 87 76 94 84 3 48 10 53 77 76 2 26 78 62 78 42 20 
23 3 62 52 63 71 32 52 46 36 7 69 48 9 9 57 29 54 69 24 86 42 30 88 71 86 83 57 77 99 25 90 89 67 6 14 25 88 83 18 15 89 1 35 20 21 79 70 19 29 31 38 10 5 17 13 91 50 36 67 63 71 84 68 68 61 75 33 41 43 53 53 66 38 41 55 83 2 57 6 33 45 85 56 35 72 90 80 43 46 27 32 97 15 3 90 35 18 70 41 
38 75 56 34 39 24 37 59 74 24 19 31 67 40 13 63 38 77 10 73 69 67 65 84 47 85 14 15 75 81 53 5 72 45 61 16 16 26 64 77 92 23 21 96 94 61 26 79 82 14 47 28 53 52 94 22 40 96 69 89 75 70 85 31 21 15 48 49 82 8 66 78 58 92 71 72 22 37 4 60 28 7 94 64 20 86 87 48 24 57 64 42 36 86 63 25 19 36 50 63 
36 74 79 33 16 22 57 84 2 71 23 98 20 71 56 95 38 27 50 68 9 70 79 27 62 36 45 32 90 24 45 44 12 45 79 16 69 30 19 44 95 79 95 88 61 22 87 79 42 17 89 59 56 69 10 80 64 44 25 0 19 24 31 62 86 12 2 69 77 63 42 48 96 89 92 32 48 96 57 33 17 76 74 32 24 14 70 92 62 11 61 12 45 3 50 77 75 20 52 9 
57 93 96 47 82 74 58 64 32 33 84 88 46 30 43 37 87 92 17 41 49 80 43 90 33 97 96 99 71 52 33 52 49 24 98 46 65 85 97 20 90 26 70 38 26 89 31 92 17 87 60 89 93 7 62 56 39 67 79 94 5 36 45 18 52 21 85 34 0 83 17 78 22 71 34 85 92 4 38 18 75 75 28 21 1 29 69 3 38 0 57 80 50 84 25 62 55 39 3 89 
79 74 23 49 50 50 71 27 21 40 31 39 45 65 23 73 90 57 90 27 35 48 69 91 85 13 35 46 70 34 18 71 75 12 81 80 25 13 99 10 61 72 76 19 34 88 39 69 48 47 8 96 89 55 39 88 63 22 8 64 68 87 44 34 96 25 65 88 49 35 81 66 3 20 72 54 75 8 79 16 38 3 75 46 85 62 71 78 79 51 45 17 41 40 79 44 25 56 5 97 
87 21 29 17 80 48 15 43 55 81 30 79 64 38 43 80 31 4 53 27 34 25 5 73 10 32 34 59 87 20 39 95 58 70 39 69 27 1 69 59 91 60 62 75 3 11 60 75 90 10 21 17 71 39 51 3 15 28 69 85 46 20 97 9 39 42 87 84 93 66 27 42 50 25 62 2 43 91 79 43 86 39 59 85 72 5 13 85 23 22 28 54 73 61 13 37 97 57 1 72 
61 8 83 36 29 14 30 84 39 93 42 0 32 7 35 19 26 12 14 61 23 69 35 80 16 65 14 45 93 36 22 66 28 6 30 53 80 33 82 31 60 77 66 29 32 98 33 63 99 91 49 16 94 54 34 98 60 31 0 70 39 86 40 85 93 80 60 8 78 13 18 69 46 79 95 20 13 53 18 13 95 54 8 98 77 88 45 63 1 68 63 52 78 48 96 3 66 98 98 90 
56 79 50 15 43 16 10 95 92 75 4 16 57 57 82 63 99 75 76 16 38 31 98 98 70 56 79 78 60 73 66 56 37 17 78 1 42 15 17 51 81 96 21 9 74 69 59 34 45 19 15 85 48 52 0 90 72 8 59 87 33 60 86 27 70 9 15 83 1 80 62 84 10 77 79 12 38 1 95 40 59 17 30 50 78 44 58 74 28 92 90 98 81 27 12 2 58 35 51 1 
61 64 84 62 38 5 76 69 16 10 10 46 8 56 78 46 53 93 65 39 73 94 74 59 7 55 98 80 66 30 67 82 61 58 58 20 43 28 86 72 80 30 25 82 49 24 89 26 69 37 9 37 68 60 29 77 92 66 63 60 46 94 56 40 54 38 90 67 66 59 71 4 84 12 54 52 97 2 16 31 97 52 82 96 29 1 22 42 20 99 23 83 41 23 24 9 31 20 19 11 
34 37 70 99 77 9 18 98 57 97 24 87 49 29 37 7 95 50 68 64 82 31 29 57 83 38 29 41 57 1 81 68 0 26 74 43 94 27 66 62 92 13 63 74 10 68 92 72 98 74 33 76 46 56 31 58 1 90 77 10 3 88 80 50 7 59 89 44 0 13 44 57 23 83 63 26 8 17 36 89 27 65 64 26 85 45 76 1 75 59 58 43 86 66 84 13 56 90 70 96 
78 59 69 31 94 30 3 61 74 1 86 63 62 76 57 85 15 11 12 72 44 17 75 51 90 66 61 12 70 38 21 46 10 70 54 4 4 10 79 85 17 55 92 1 38 57 56 11 91 81 83 89 5 33 47 67 78 96 43 4 66 48 94 93 20 93 10 32 82 72 66 92 85 59 36 81 16 19 89 78 6 59 70 77 46 71 44 43 83 76 30 85 84 30 25 90 77 56 48 38 
7 95 62 90 65 41 1 17 15 31 32 83 99 61 15 28 78 89 17 51 48 71 86 55 51 51 31 9 53 31 78 19 88 47 6 49 21 2 67 91 8 63 77 10 47 48 27 42 1 5 66 82 58 56 75 82 56 43 46 46 95 35 43 7 88 32 22 52 58 94 13 89 95 74 33 26 66 27 82 14 8 34 71 18 0 20 26 69 74 31 83 76 92 28 51 2 28 43 86 70 
84 39 17 35 99 88 54 89 15 78 21 17 19 52 32 85 7 93 65 25 10 2 75 33 71 16 74 8 19 71 18 60 50 79 26 55 0 22 81 73 26 34 82 23 69 96 97 72 50 21 22 26 87 4 68 3 1 17 20 69 98 33 23 70 17 61 80 12 35 55 67 7 41 98 7 40 27 97 59 47 75 92 19 56 90 82 91 23 62 26 25 24 57 75 55 28 48 82 55 37 
0 95 14 71 69 90 62 16 45 52 64 1 67 40 18 63 91 71 21 85 33 52 61 90 47 39 51 17 52 44 60 99 46 11 12 69 33 39 89 31 69 11 73 80 20 75 73 34 21 39 53 1 74 77 96 51 77 93 28 10 41 1 33 38 50 66 92 21 94 52 87 36 38 93 27 46 2 88 42 26 0 79 94 66 50 35 66 59 42 0 52 64 2 81 15 93 12 16 37 34 
23 49 56 20 74 43 20 16 20 80 48 0 9 82 38 1 33 98 72 37 99 20 41 21 99 91 74 78 55 18 81 69 58 27 0 43 66 31 90 26 23 62 75 18 16 96 24 42 70 52 12 47 27 5 25 9 65 47 51 39 27 51 7 74 19 92 46 97 85 59 95 68 67 26 11 12 17 2 40 81 14 63 52 15 31 3 54 82 12 13 12 61 33 91 43 49 95 3 64 81 
32 58 73 81 47 9 8 88 90 71 26 26 24 39 90 42 71 59 22 6 55 66 59 0 5 74 69 81 86 53 81 29 62 49 11 98 35 53 50 80 82 39 2 40 5 34 88 64 98 9 75 39 19 89 26 44 26 69 81 76 27 88 62 79 56 18 81 68 76 56 53 1 55 2 4 9 97 82 76 52 52 19 40 55 68 14 47 21 9 67 55 28 67 27 33 36 49 44 30 57 
54 50 33 27 65 85 84 67 83 59 48 16 3 83 29 82 9 50 85 62 53 25 51 50 58 38 23 44 38 4 64 21 28 86 38 42 94 7 42 3 20 83 63 66 4 56 98 38 18 83 3 32 83 25 77 74 58 30 56 50 75 65 98 70 31 20 81 30 75 49 62 29 3 92 80 19 70 23 23 90 52 48 67 35 51 46 26 20 38 94 25 72 67 91 64 98 71 92 8 78 
7 17 9 72 41 29 93 91 7 27 28 25 3 50 4 11 60 25 36 91 4 95 88 60 14 10 10 86 94 51 96 11 3 85 97 82 9 83 89 37 7 76 49 52 38 15 74 36 42 0 28 49 5 79 66 39 42 75 33 70 55 56 90 57 10 17 23 93 60 89 92 15 59 70 78 67 2 6 37 89 51 30 43 4 32 36 84 33 97 33 11 70 84 47 64 48 58 71 0 94 
21 91 22 19 3 6 16 14 74 4 85 51 96 75 31 21 13 34 61 6 83 97 41 94 50 41 28 48 71 37 86 93 93 13 35 78 42 75 49 96 79 27 10 10 84 52 30 19 22 51 16 89 65 1 32 33 96 65 89 96 98 31 95 17 84 92 16 28 65 61 46 34 81 14 69 18 36 8 91 36 33 13 3 84 26 83 42 73 39 91 19 66 75 95 18 16 73 7 15 37 
87 13 92 33 15 38 48 3 39 51 45 94 34 55 5 61 79 35 48 8 38 40 21 0 65 71 94 24 85 83 85 13 81 38 17 55 29 61 4 93 31 85 78 6 50 58 74 65 24 11 7 94 90 38 37 79 21 90 17 26 15 22 75 31 42 40 71 44 40 82 90 15 12 7 53 36 81 81 89 4 52 65 58 5 2 96 66 82 18 49 58 98 68 6 99 72 59 84 84 34 
76 81 24 42 3 44 18 68 34 60 36 93 12 41 56 0 87 95 12 67 25 71 5 0 19 27 39 16 8 29 70 79 68 83 91 42 16 17 1 38 57 43 58 50 75 13 39 90 1 1 43 20 65 8 30 11 21 23 41 51 88 63 24 85 93 23 44 23 22 73 14 1 72 23 4 29 74 15 26 76 67 57 23 66 88 4 49 33 34 8 51 33 27 35 90 74 31 49 30 28 
82 24 85 2 8 39 16 87 60 78 21 42 58 79 52 69 31 4 34 16 21 78 11 17 43 56 28 62 69 22 96 39 11 6 90 5 68 40 39 16 14 27 72 28 13 36 63 93 92 7 1 1 58 35 35 68 37 98 45 79 39 8 92 70 86 56 21 90 62 53 49 15 36 81 14 25 17 35 82 74 59 46 51 47 91 97 62 50 44 93 68 12 10 26 29 10 7 33 19 61 
74 50 23 82 17 20 30 79 25 65 42 47 7 43 30 68 41 59 68 31 50 38 70 96 58 1 87 47 61 94 6 41 97 47 99 87 10 20 17 20 70 88 36 89 73 57 3 26 71 94 93 15 99 56 72 24 70 39 42 40 96 89 55 4 95 41 18 3 86 86 20 65 23 86 22 44 48 65 19 11 83 85 9 9 28 64 46 8 3 87 70 55 18 64 55 12 7 71 85 6 
78 49 39 22 29 79 30 60 81 45 4 57 85 60 88 59 65 8 12 44 88 42 15 86 84 95 40 46 50 21 71 8 73 70 14 10 8 65 82 53 48 36 72 24 30 95 34 43 57 62 6 83 34 75 17 38 85 48 64 10 7 56 79 56 84 3 10 11 51 26 4 42 44 2 13 90 10 75 15 46 80 30 49 62 21 70 48 83 58 53 62 55 7 14 11 72 47 98 33 19 
63 82 83 21 58 39 5 54 52 95 67 87 0 6 3 6 36 23 49 61 42 37 81 58 21 18 70 74 21 99 9 19 15 35 43 12 69 68 7 63 32 31 59 92 3 52 22 89 39 7 90 51 91 53 59 12 90 61 20 55 26 12 12 79 24 31 67 48 77 9 23 26 96 36 53 51 37 20 0 43 35 73 8 35 53 80 39 99 30 21 60 43 67 71 32 91 78 61 81 61 
80 36 45 63 30 41 19 61 39 56 55 50 0 85 40 63 2 62 21 83 0 17 24 69 12 40 39 30 8 94 32 86 92 59 9 53 94 22 83 54 68 38 82 80 81 52 84 56 31 36 17 54 29 14 76 67 17 73 23 25 50 8 40 96 53 45 70 26 25 32 79 34 78 38 93 23 39 57 78 37 94 68 55 18 24 23 42 7 60 24 19 93 17 98 54 68 32 91 99 96 
30 70 65 5 42 54 47 85 38 0 84 36 3 53 47 1 62 96 51 62 80 72 47 68 25 65 56 12 49 19 45 36 26 80 7 10 26 12 90 30 49 22 36 47 58 76 17 81 98 33 31 12 3 58 39 6 1 91 59 8 83 20 77 34 69 51 28 59 54 3 13 40 84 78 65 72 17 23 41 27 25 47 42 0 49 53 79 17 78 35 79 46 7 35 43 34 90 82 20 2 
73 44 56 18 64 64 99 45 63 5 11 54 42 25 9 12 27 85 67 59 63 69 29 76 12 78 11 96 26 17 42 56 20 77 11 83 85 92 34 74 2 94 32 72 94 67 54 98 5 82 51 49 37 74 83 60 19 16 94 3 24 13 52 8 59 13 82 76 78 83 30 69 31 59 94 71 29 18 2 83 70 97 59 23 20 45 87 88 35 49 22 56 69 36 5 84 41 81 26 61 
52 4 47 40 37 27 35 96 34 37 42 91 71 13 39 65 43 86 51 92 93 70 73 79 53 1 89 10 74 15 45 50 58 64 77 73 64 90 73 47 42 88 61 54 48 7 19 19 7 82 81 42 52 66 9 80 79 29 25 83 28 70 56 10 85 54 12 50 50 1 78 72 88 88 78 99 28 81 8 44 23 60 19 5 57 21 8 19 51 58 63 71 24 66 32 62 97 74 40 28 
21 71 68 46 85 92 79 0 31 37 0 54 8 92 71 56 48 44 93 43 54 99 24 78 13 84 19 15 97 68 85 30 57 76 45 91 85 36 15 91 34 3 37 15 53 99 8 4 84 10 7 22 8 76 92 7 32 63 87 59 97 61 68 54 35 53 88 85 78 69 70 81 37 33 73 48 91 40 2 29 54 83 40 74 12 62 16 72 12 43 14 42 50 88 7 62 51 33 65 25 
35 13 60 49 67 13 18 24 93 91 21 47 33 27 31 76 67 36 10 83 39 21 34 30 16 29 92 23 96 8 88 63 94 75 65 9 37 55 59 73 40 4 33 45 90 99 36 51 85 90 56 57 89 88 89 9 94 73 69 73 46 66 53 66 36 0 33 11 54 65 99 37 20 8 42 45 81 82 59 17 49 29 0 46 99 68 13 21 25 59 60 88 75 56 72 60 48 50 76 45 
15 45 60 85 92 14 12 37 21 25 84 36 87 36 56 5 93 42 81 20 57 99 11 44 72 21 73 55 63 28 6 97 39 58 9 33 25 39 75 86 50 99 47 97 64 35 99 60 54 20 85 54 13 86 4 88 92 66 64 12 48 18 99 63 7 97 98 89 62 49 63 55 97 76 0 72 20 67 40 5 55 9 69 89 53 91 22 69 41 26 5 47 80 81 67 73 51 13 27 76 
52 86 73 14 50 52 76 89 2 47 21 73 59 74 89 8 50 94 9 75 19 61 36 31 11 20 83 26 66 54 44 40 18 74 67 33 52 52 21 24 31 3 17 64 23 45 21 18 80 23 76 94 15 59 82 86 64 56 21 25 33 28 13 11 93 8 38 54 40 31 36 76 2 7 68 50 23 77 85 8 94 83 37 54 77 41 45 18 7 79 23 43 59 8 50 42 80 0 83 87 
38 37 66 98 20 12 14 38 62 22 53 58 85 89 31 50 8 50 83 92 77 67 91 56 77 25 15 37 92 38 92 13 61 79 5 30 92 13 59 5 32 93 46 64 84 70 71 79 37 94 30 88 58 68 31 76 74 4 21 19 49 22 23 83 17 96 67 60 35 51 39 99 18 97 98 77 64 65 95 13 15 10 8 42 65 80 13 50 63 35 94 66 42 65 35 83 71 52 10 36 
77 9 58 4 28 3 30 34 41 90 76 88 19 93 47 42 31 77 39 99 11 0 43 8 8 91 15 71 11 44 12 53 45 51 85 72 93 41 7 60 66 41 22 48 48 67 1 59 24 10 76 12 15 79 29 62 86 30 53 40 48 59 96 64 80 85 86 27 34 37 79 29 35 91 1 68 95 20 1 90 83 12 60 43 59 42 90 32 25 64 4 86 51 49 2 5 29 0 94 28 
99 11 44 5 85 27 54 66 72 1 63 83 28 90 19 56 14 23 16 6 49 84 52 41 47 91 85 68 45 23 42 4 91 77 84 6 92 9 79 24 86 18 83 70 48 64 89 81 17 54 46 95 53 59 49 8 21 59 87 61 55 66 92 23 2 45 61 34 71 14 14 31 97 73 73 39 75 66 30 20 19 21 99 61 41 36 47 29 12 56 59 84 60 82 42 85 85 86 54 11 
15 61 57 43 63 68 97 61 80 73 6 43 37 78 81 86 58 71 30 42 21 75 5 16 4 70 54 98 16 65 23 79 88 46 42 19 89 62 63 65 44 72 13 24 75 72 75 39 56 68 78 60 36 42 10 30 2 6 22 33 26 45 12 66 61 46 68 61 46 43 99 63 50 96 43 71 92 44 17 75 26 44 40 99 68 44 40 14 43 47 73 39 40 78 12 22 46 48 31 63 
92 96 45 55 27 87 56 34 40 97 23 4 69 90 62 10 58 61 12 12 26 23 99 64 69 17 34 50 0 16 26 66 7 32 61 25 43 72 45 59 96 27 25 20 56 10 57 83 97 34 26 83 20 49 92 24 54 72 31 69 47 94 83 74 68 56 20 80 5 12 32 36 60 94 71 4 72 53 70 72 70 2 95 13 40 78 39 75 55 17 76 20 22 3 97 62 35 34 76 46 
29 57 43 19 87 19 25 24 37 14 43 42 88 61 49 36 35 80 34 40 91 20 93 67 34 10 60 80 31 32 67 33 73 62 96 33 94 17 32 36 78 97 54 53 16 72 34 73 68 98 97 81 38 76 82 22 98 60 64 6 33 74 47 74 30 27 81 9 52 64 86 44 32 87 9 8 78 90 44 32 4 57 46 60 97 77 31 52 39 40 33 93 76 74 18 52 75 32 84 77 
22 33 0 11 10 11 50 45 21 31 57 8 51 59 2 78 60 7 9 78 85 18 92 65 21 18 30 41 82 70 91 7 24 55 31 51 28 41 16 34 81 72 63 51 92 18 49 39 74 15 98 41 43 74 27 78 83 10 85 63 71 41 53 36 69 95 21 30 12 30 78 88 92 52 72 59 48 58 39 82 44 8 32 67 21 97 27 95 71 88 98 63 3 27 86 40 89 3 96 33 
60 5 74 19 67 39 7 53 82 82 89 84 34 90 25 68 40 22 81 45 49 50 1 73 9 86 74 95 46 1 58 35 44 10 7 43 21 94 8 41 31 70 45 58 94 26 75 46 28 61 71 33 72 55 74 41 31 21 29 85 85 0 1 62 77 93 13 79 51 40 63 51 6 82 89 86 7 75 61 19 16 7 51 93 84 24 12 39 82 81 67 25 81 41 24 60 15 55 24 17 
84 29 8 26 92 23 67 52 3 25 78 93 45 63 71 65 59 72 62 54 53 25 0 68 95 23 82 94 17 35 8 47 66 73 63 4 81 8 93 82 11 92 72 94 31 41 13 63 55 43 17 99 37 25 40 74 50 46 45 16 51 54 98 34 5 49 64 35 72 29 10 98 10 53 2 66 61 2 60 65 88 9 54 70 73 97 95 35 56 99 96 66 95 43 56 74 31 24 27 60 
5 26 93 30 9 79 44 43 31 49 23 20 3 3 97 47 35 34 77 15 81 69 3 67 63 78 47 2 61 63 20 2 61 48 20 76 3 7 54 76 46 30 84 84 63 20 54 70 75 75 95 45 87 36 46 1 79 79 67 92 10 24 92 43 28 90 98 69 49 28 40 68 82 38 54 45 93 16 82 90 18 4 55 31 19 44 57 62 76 15 77 82 43 61 5 81 34 25 67 48 
22 66 58 80 58 11 45 95 73 8 19 53 64 18 63 43 55 62 84 3 89 25 35 85 55 22 40 2 81 4 67 55 95 41 45 20 31 68 65 97 6 43 86 17 52 20 57 90 23 89 56 28 31 1 71 81 28 17 26 76 48 87 2 0 60 30 55 88 68 66 90 85 21 93 88 67 95 30 11 19 15 85 83 28 58 76 40 54 66 84 74 27 49 50 76 28 32 8 57 67 
74 47 60 25 69 63 8 3 12 45 91 12 6 7 26 13 25 61 33 23 70 91 11 37 77 78 25 59 20 12 4 26 64 94 51 90 27 48 49 12 68 72 35 87 0 2 94 81 37 12 40 45 60 28 47 69 95 34 18 77 55 36 62 26 60 35 0 87 62 72 61 3 62 95 78 65 58 15 13 81 65 97 16 16 15 21 5 38 11 27 53 41 26 42 12 73 87 11 77 98 
31 56 11 5 71 79 52 6 64 52 57 17 94 61 81 96 4 85 24 17 3 7 99 9 12 13 23 63 83 73 87 1 82 15 11 28 79 66 89 2 93 15 80 13 12 63 23 53 86 1 30 62 92 8 21 11 18 34 6 50 24 17 99 13 86 89 92 8 9 11 21 53 10 31 56 8 82 72 58 55 46 72 94 85 73 6 81 12 4 12 24 32 25 20 47 58 40 18 36 99 
57 43 12 58 70 25 40 4 8 67 6 9 60 70 68 81 12 19 45 16 53 19 23 3 79 65 33 92 31 67 2 39 33 40 58 22 22 48 32 11 67 40 15 88 91 87 24 99 85 81 7 26 10 88 66 1 18 52 56 6 0 63 3 58 11 89 19 85 33 12 19 34 79 27 1 40 27 52 10 79 9 36 61 88 38 46 93 22 44 22 79 2 18 95 97 98 47 22 23 23 
68 62 35 60 67 77 12 13 49 48 99 41 40 70 34 76 94 13 64 16 40 94 0 42 74 46 25 28 34 52 98 84 11 96 31 67 68 49 28 90 97 24 1 61 9 53 18 7 93 9 19 86 56 68 50 31 19 92 79 31 71 66 1 83 37 49 39 13 85 48 62 29 94 86 85 3 21 60 5 65 72 11 18 51 89 89 89 9 26 41 99 49 3 33 54 42 79 78 39 83 
67 88 24 84 93 8 99 46 19 48 51 6 94 58 29 52 70 7 13 52 23 94 74 72 10 95 51 47 28 5 96 9 70 31 92 52 37 86 72 95 92 84 12 85 76 19 44 85 12 61 46 71 33 14 74 13 15 10 42 27 65 9 88 47 89 49 8 29 59 47 14 38 64 48 44 64 30 89 63 98 26 56 48 15 1 89 53 36 15 13 53 73 29 70 76 37 24 56 14 83 
83 79 91 15 70 96 31 41 87 60 75 22 5 86 43 72 26 8 13 93 13 85 34 23 81 25 5 38 89 50 49 17 88 30 42 22 50 65 29 81 8 84 14 14 12 82 55 62 5 82 40 55 90 81 39 7 40 73 1 32 33 2 20 4 79 80 62 6 53 66 22 55 4 74 30 47 85 56 73 45 85 19 65 80 61 37 51 66 51 42 37 53 47 65 65 89 19 66 57 69 
3 92 26 37 16 5 21 79 33 33 83 12 7 24 40 78 55 2 22 8 82 89 74 86 97 34 23 17 92 24 54 97 59 77 26 1 39 81 37 90 78 80 74 65 71 59 60 14 36 99 32 77 56 29 47 70 87 49 62 71 12 80 89 31 94 39 36 96 62 35 76 50 12 45 31 2 64 19 75 72 47 0 97 53 90 10 47 35 66 31 18 38 41 92 50 30 20 70 70 2 
93 89 16 41 34 85 4 96 31 57 12 87 1 85 97 55 55 73 80 23 86 6 91 37 7 11 77 44 52 36 74 7 35 2 88 37 53 35 79 87 43 55 51 17 85 83 44 36 48 17 29 35 10 52 81 65 91 18 54 3 82 91 62 31 12 19 0 64 16 43 70 18 61 24 20 72 32 29 18 20 25 6 30 23 70 57 88 14 33 19 17 28 79 26 77 33 42 22 48 66 
12 70 27 2 68 69 60 13 41 40 27 67 29 65 35 59 12 16 8 16 60 85 50 59 15 14 94 10 30 78 3 77 5 83 29 92 73 56 97 92 25 10 83 41 60 80 43 34 49 73 6 75 61 45 53 88 37 38 59 59 7 92 95 80 30 66 56 6 75 47 4 77 68 45 27 41 47 66 5 94 8 16 76 58 47 25 74 95 66 90 11 45 27 55 28 82 64 12 88 65 
63 98 73 55 93 29 65 36 38 32 50 37 83 10 47 10 19 12 78 43 97 47 90 11 34 59 24 72 26 92 33 64 53 59 41 71 32 89 39 66 40 80 59 12 14 66 80 7 36 86 43 85 67 55 68 28 33 20 56 62 41 22 3 65 12 44 30 85 94 65 51 7 18 77 60 27 14 4 34 97 15 60 67 93 51 81 85 7 48 19 8 16 40 30 6 34 5 61 78 13 
59 9 43 39 27 83 33 69 67 61 64 64 27 37 60 27 34 62 77 29 98 31 52 85 64 89 82 72 15 8 67 23 78 17 13 42 80 19 39 52 68 12 32 27 73 17 16 95 8 52 48 10 56 56 5 7 60 82 71 51 19 19 35 3 48 98 35 67 45 68 84 70 50 81 57 44 5 93 10 64 36 46 31 38 53 59 1 4 49 5 81 15 85 86 97 92 37 36 40 71 
49 74 62 8 88 69 94 41 2 88 33 83 23 20 60 68 78 31 90 53 59 31 81 71 67 91 53 19 88 61 96 78 76 78 79 70 31 22 1 15 1 86 59 92 84 27 36 62 78 60 2 17 93 11 41 4 84 52 82 0 49 83 35 84 36 79 93 44 35 99 93 97 29 31 79 79 72 30 24 14 90 59 87 46 60 78 98 98 70 44 86 31 13 89 89 84 58 73 6 73 
63 33 26 25 35 32 97 88 14 73 86 57 42 7 72 10 75 2 53 5 58 40 40 36 44 44 22 48 69 85 44 87 83 38 80 37 27 88 65 51 11 9 56 27 49 72 4 31 99 5 73 85 31 35 76 86 45 22 94 10 11 98 38 36 44 73 75 42 4 64 87 15 7 37 25 95 87 55 77 51 27 50 57 30 70 25 34 42 65 14 69 47 24 92 44 53 94 42 91 20 
22 51 83 17 49 1 56 71 25 15 66 99 0 14 3 3 6 30 10 84 55 49 7 35 69 44 94 61 60 58 77 83 26 33 85 49 61 90 43 33 83 76 99 90 62 84 42 5 32 3 45 76 76 41 0 86 29 20 4 70 43 48 79 19 56 58 10 51 9 35 77 30 77 86 16 26 68 56 70 40 32 19 29 38 28 45 41 83 50 87 42 74 14 17 42 15 3 3 24 18 
62 16 50 78 9 26 73 61 11 43 82 80 9 18 35 77 86 93 20 47 29 70 88 54 22 11 79 28 20 3 40 36 99 53 18 32 10 67 42 4 58 64 40 1 95 37 88 83 66 98 95 34 25 55 6 10 55 28 0 86 83 90 23 3 6 83 5 18 98 78 80 83 86 87 35 14 11 3 22 2 26 51 84 36 83 25 8 66 8 4 79 53 91 25 83 76 43 85 63 94 
82 21 89 78 42 88 27 4 1 72 59 67 59 84 45 81 78 24 54 94 85 21 26 97 0 95 82 63 43 80 16 93 29 54 54 56 19 24 9 88 68 33 1 93 40 78 29 69 4 89 25 21 28 45 47 53 59 16 98 91 82 7 48 47 31 29 12 71 44 62 99 55 5 29 66 54 42 24 23 67 13 87 43 29 22 12 49 31 72 33 89 42 7 42 43 92 2 93 45 65 
22 15 90 64 28 36 21 40 88 90 77 80 82 46 18 84 58 40 4 5 34 85 30 50 7 45 54 4 48 54 86 95 33 37 2 42 12 59 81 28 68 24 42 52 47 55 40 71 34 27 47 56 98 4 45 4 45 53 63 90 65 16 84 8 28 66 56 20 85 61 44 82 50 19 34 91 31 97 83 97 90 12 84 31 39 54 5 8 58 13 51 63 6 11 38 74 0 14 70 67 
72 66 93 54 8 79 33 80 51 52 2 24 71 80 14 52 94 24 0 58 89 17 99 7 14 64 23 7 16 71 62 87 53 99 88 80 87 82 87 69 10 61 32 94 1 29 41 41 18 66 33 33 59 70 21 74 26 31 73 85 17 75 82 20 95 38 41 15 13 90 40 12 41 91 95 76 3 2 30 55 28 26 24 67 91 87 63 52 34 58 95 62 50 6 48 9 59 97 80 36 
78 74 40 66 31 6 94 22 49 16 79 58 96 78 42 78 19 28 0 32 85 59 85 87 4 22 7 36 64 12 81 76 22 50 95 59 89 62 45 68 81 37 85 82 85 25 69 75 48 98 12 11 20 5 83 55 43 61 6 83 51 18 37 12 51 11 50 18 19 48 48 41 12 8 48 27 48 31 6 13 60 80 38 21 70 29 13 56 2 38 91 3 20 7 54 51 20 64 11 45 
80 11 19 87 37 49 61 64 96 21 1 42 43 2 88 94 56 26 51 56 94 46 41 88 26 71 21 80 19 93 87 10 21 92 22 36 50 61 86 70 98 82 87 92 92 4 69 70 22 20 17 84 66 24 0 93 49 95 47 42 13 91 51 50 49 30 5 5 91 19 17 54 13 30 42 49 76 3 85 88 71 27 83 48 47 20 44 52 94 22 82 30 41 33 73 9 61 21 96 34 
5 79 12 29 22 74 96 51 39 94 76 94 63 28 37 48 68 62 49 27 89 60 0 28 52 3 27 67 80 61 40 10 44 42 65 82 1 85 91 22 96 86 78 34 16 30 48 99 34 91 23 55 53 46 83 4 97 98 48 3 19 3 31 15 3 51 30 64 13 63 57 76 71 61 28 25 67 69 66 75 28 22 39 8 95 43 69 77 73 57 3 39 45 98 78 75 15 30 65 66 
78 69 68 8 34 86 60 86 19 42 93 94 3 52 67 26 83 7 73 56 15 68 30 61 20 90 74 43 87 80 25 81 78 58 82 69 18 34 7 43 57 40 43 37 55 19 48 56 4 27 26 70 64 60 60 94 61 52 57 55 36 48 30 73 46 14 74 32 6 91 5 86 64 83 50 99 83 77 51 12 10 49 46 65 40 8 93 66 42 51 85 99 17 22 32 74 9 50 32 85 
83 88 83 13 6 88 28 98 68 22 78 44 70 84 28 73 30 0 93 40 31 47 97 86 59 6 19 19 52 37 60 40 80 69 7 90 47 62 39 0 89 60 31 73 16 1 20 84 98 68 92 54 47 69 44 46 2 81 7 81 82 79 82 92 27 19 39 49 4 77 94 31 7 45 8 90 99 34 14 68 54 53 50 74 7 96 0 93 21 70 44 37 65 36 30 26 68 73 42 68 
85 98 57 97 17 9 79 89 64 10 90 55 39 78 63 77 79 12 48 64 69 46 82 65 21 69 92 79 88 71 75 17 89 88 68 63 60 58 7 0 10 82 40 55 8 76 59 39 58 89 56 46 37 19 33 45 0 29 0 36 7 37 0 46 41 99 86 8 16 82 87 57 98 68 73 69 55 21 31 71 96 0 40 49 94 19 46 63 3 97 6 12 24 4 76 65 20 83 21 70 
68 44 53 62 76 46 79 48 12 71 69 59 2 72 68 67 43 82 99 41 93 47 7 66 44 16 27 95 99 53 97 67 13 89 64 87 83 56 63 98 56 62 30 21 44 34 84 50 69 91 1 37 51 17 85 13 10 63 9 23 70 12 16 44 18 4 80 78 83 65 18 13 3 0 7 14 77 37 88 96 24 6 33 77 24 7 2 90 11 79 78 39 88 65 67 93 24 89 97 77 
30 1 78 2 40 47 86 30 50 65 25 61 71 31 33 94 10 7 4 53 71 75 90 5 93 6 22 62 14 20 71 70 69 56 65 65 0 3 89 97 34 26 89 19 46 18 47 51 97 75 53 74 25 44 65 50 22 25 33 18 45 22 94 7 3 83 13 54 18 78 35 14 58 61 57 64 27 28 14 90 34 91 91 49 45 84 55 10 31 10 69 15 80 94 22 9 89 60 76 4 
7 66 43 19 42 1 58 10 95 1 37 81 93 33 12 25 16 13 12 85 35 39 44 27 24 49 80 35 46 30 84 77 50 35 31 46 61 6 62 55 45 87 58 69 69 7 23 72 26 19 89 18 7 22 28 15 89 9 18 15 48 94 55 79 76 31 82 72 51 69 63 56 39 16 80 34 47 48 47 76 2 40 64 51 75 95 99 22 26 44 25 11 91 86 20 11 17 48 80 41 
38 5 99 48 85 95 39 24 38 17 58 42 85 23 22 62 26 56 91 18 28 34 22 92 64 97 27 89 12 89 5 0 67 26 60 29 28 45 71 58 75 69 11 33 50 61 44 68 72 99 83 53 62 1 91 30 15 16 4 48 78 35 37 34 81 73 49 41 24 25 8 26 18 92 42 95 82 23 9 21 46 12 34 69 69 83 50 29 79 22 63 14 2 12 56 64 74 81 85 17 
32 47 86 54 78 62 39 94 73 94 28 76 40 41 26 56 96 60 82 37 49 95 32 29 13 27 6 80 34 78 6 45 20 63 69 3 31 24 34 83 90 66 15 95 5 32 82 27 68 58 34 29 44 39 19 22 14 25 99 75 74 92 27 61 66 38 22 5 38 77 48 70 6 9 77 68 14 24 78 13 45 47 88 26 5 87 52 77 82 4 44 12 94 40 16 24 51 15 7 95 
55 22 79 79 0 41 57 96 94 18 74 68 30 10 23 80 32 34 36 62 68 67 15 25 53 37 21 48 34 46 21 79 57 13 8 22 29 25 97 47 38 40 74 94 36 72 83 79 80 5 29 32 65 98 85 84 67 60 42 27 77 0 25 95 81 8 0 66 20 98 4 25 54 49 70 84 78 40 48 19 29 46 68 96 37 94 31 26 46 44 23 14 52 20 13 56 18 87 69 28 
10 11 50 37 13 94 31 14 17 26 58 91 85 7 42 18 23 26 55 63 51 89 29 49 72 26 43 10 17 93 76 48 6 28 39 60 39 89 43 84 84 62 25 32 41 28 21 78 72 14 31 71 73 87 2 51 89 19 73 40 54 29 34 50 29 53 43 11 85 73 11 9 52 85 53 74 84 75 91 44 35 19 58 1 22 95 71 2 98 78 29 32 24 98 2 78 35 75 31 35 
23 18 20 95 68 46 18 25 88 82 19 4 9 16 7 70 2 60 13 64 64 59 66 44 16 25 55 31 55 21 37 23 20 85 68 64 53 74 92 25 21 4 56 65 62 57 80 35 6 62 82 86 62 63 71 37 41 0 19 26 62 68 62 30 97 1 40 93 71 75 12 86 8 62 0 56 37 6 76 18 86 74 24 72 41 69 66 71 35 7 33 35 35 66 39 15 33 18 33 77 
21 35 48 87 28 71 34 89 82 40 95 47 81 95 25 46 24 1 38 82 60 56 21 46 95 17 34 75 65 85 62 2 48 50 70 49 55 7 54 0 90 10 33 56 60 53 91 83 8 27 71 69 98 21 87 39 1 93 8 10 21 77 22 2 67 94 44 92 50 7 40 41 57 17 90 43 42 41 77 13 97 96 49 74 57 73 51 74 58 16 30 20 20 34 27 67 3 53 40 72 
67 1 20 19 90 68 58 14 76 10 19 18 66 31 88 39 70 5 85 70 38 52 23 13 35 53 4 39 55 27 56 84 50 20 38 27 66 51 69 75 65 72 0 99 4 37 73 41 25 75 37 28 92 77 50 28 65 28 61 47 60 54 90 58 99 17 86 77 72 66 47 34 70 35 58 47 66 61 50 96 69 37 11 40 76 13 73 46 35 50 26 6 98 24 5 60 72 42 8 37 
69 58 89 41 11 36 8 36 21 95 64 23 71 39 55 14 56 26 15 47 92 32 71 50 24 68 33 27 88 74 61 59 25 82 81 11 95 6 82 60 8 11 95 76 94 88 70 77 33 95 68 83 73 56 88 69 95 95 66 31 49 17 83 46 47 70 52 63 91 38 28 69 8 58 24 45 87 88 66 15 22 9 56 10 73 93 81 4 82 96 68 15 88 8 63 28 83 3 23 86 
86 51 43 97 77 63 57 59 61 3 76 94 73 35 67 16 45 79 6 47 26 67 63 61 24 74 42 79 58 36 16 8 65 93 73 96 10 30 72 82 49 62 13 3 14 85 57 28 33 75 99 82 74 20 11 47 37 7 70 0 68 37 85 89 63 76 79 76 75 12 44 13 6 84 35 50 78 51 46 79 68 40 49 8 19 80 68 94 61 92 17 74 16 19 85 96 77 5 5 63 
50 68 12 58 13 53 88 30 41 66 54 69 43 27 86 47 56 78 26 90 90 8 34 7 15 41 31 62 27 79 44 39 52 38 18 55 78 46 63 57 50 45 97 66 5 46 64 69 90 27 73 27 40 31 88 89 17 3 45 28 88 90 70 2 40 6 97 49 92 1 35 33 93 12 96 45 27 75 13 71 33 50 30 0 84 98 29 65 13 54 42 99 96 99 41 73 11 37 89 52 
76 21 62 11 36 72 97 16 4 18 51 64 36 83 51 38 22 72 20 99 3 85 38 22 8 53 96 91 72 2 62 80 41 99 83 99 13 36 18 89 57 5 72 50 60 38 53 14 41 45 77 75 28 0 13 12 40 64 58 50 69 22 52 21 20 93 18 89 68 32 37 49 98 62 26 11 4 40 25 26 53 41 28 61 4 79 15 16 31 41 29 28 22 60 27 26 37 54 39 96 
54 97 36 48 58 44 40 25 77 92 14 18 64 73 85 48 18 51 24 91 46 51 32 58 61 56 19 92 7 63 66 86 30 46 25 41 66 0 58 46 90 74 35 0 31 84 8 81 99 19 84 93 37 58 99 92 51 66 28 79 70 91 99 45 93 39 18 86 69 41 40 55 36 46 74 18 41 83 41 21 50 0 71 50 15 86 81 70 3 19 50 19 55 10 90 14 87 49 90 13 
8 39 93 83 43 77 74 89 68 32 8 17 48 52 98 90 48 88 48 15 66 26 49 79 50 16 72 17 55 91 16 19 46 27 11 84 14 51 82 33 76 30 18 40 45 17 3 80 65 79 48 73 99 8 90 65 98 2 59 65 22 93 38 72 72 99 34 60 58 58 12 74 58 62 93 77 32 11 95 58 46 0 43 42 96 95 31 19 68 55 16 27 79 96 63 43 29 13 16 4 
62 40 7 4 26 82 38 71 74 28 15 62 66 90 14 7 97 1 34 50 20 23 92 88 67 14 63 74 22 89 62 92 83 76 43 50 83 69 10 83 10 42 33 33 90 13 25 4 15 46 57 6 1 15 45 18 58 82 10 7 75 2 92 24 88 63 28 82 26 95 43 97 20 73 87 50 37 61 20 92 2 28 58 39 19 70 89 42 71 1 40 91 39 28 10 47 82 39 39 98 
38 97 23 45 94 47 80 99 56 59 60 81 85 29 96 0 39 20 50 3 30 25 58 42 23 35 33 3 12 22 78 71 64 38 53 82 58 6 47 94 15 54 51 1 97 36 58 14 81 94 70 71 0 85 62 48 90 56 95 78 35 40 54 76 35 10 80 50 80 38 58 92 73 58 23 37 13 18 2 73 24 79 8 24 21 21 89 97 97 14 46 85 43 0 71 59 44 65 74 43 
37 37 12 17 83 44 46 57 82 54 79 9 5 27 4 3 4 22 72 16 55 29 84 83 39 54 66 66 71 52 46 42 45 13 41 97 84 79 46 85 59 68 77 54 15 82 14 64 70 15 73 34 1 18 23 94 0 30 41 50 55 46 96 78 63 21 9 32 76 91 25 96 41 29 48 44 7 85 41 19 15 12 26 19 99 88 26 16 41 5 98 31 92 52 68 9 19 90 48 85 
17 5 73 88 68 83 76 82 20 71 7 95 38 66 93 71 96 43 4 75 55 98 35 33 68 69 58 38 87 30 86 29 85 71 25 75 79 56 9 13 55 69 84 77 15 76 36 62 68 51 19 77 5 37 54 16 60 89 42 60 12 32 51 72 16 4 33 26 63 84 31 49 0 70 54 2 95 86 49 35 17 5 82 19 64 34 86 43 3 36 48 52 49 57 71 22 39 45 33 64 
11 82 90 38 66 26 18 24 70 17 94 35 64 60 49 48 12 42 26 15 23 91 84 50 88 87 7 95 74 96 73 63 24 10 99 64 26 53 92 87 35 36 94 10 24 1 96 2 0 93 8 36 32 1 74 5 65 41 13 70 28 88 85 53 73 4 36 82 7 24 76 53 63 19 41 44 67 71 47 67 25 61 23 78 7 71 59 55 89 87 50 5 1 82 85 80 7 81 47 17 
26 78 51 4 97 58 27 93 21 10 6 84 18 72 67 49 76 35 93 94 8 38 75 18 19 28 37 14 82 68 74 97 94 11 47 77 58 86 72 12 39 54 30 81 24 21 0 96 94 55 14 99 45 49 6 70 59 13 85 39 57 69 95 18 8 20 42 24 5 82 64 99 33 32 21 74 90 89 46 68 38 91 40 2 97 20 1 56 64 42 57 33 4 69 16 48 28 88 62 89 
7 3 59 80 66 67 64 94 73 30 29 17 79 25 45 55 35 68 79 10 60 89 66 22 0 95 79 58 65 35 21 0 36 52 41 92 31 12 96 31 4 79 42 99 74 39 75 61 36 48 23 98 67 21 2 52 61 55 23 53 91 70 10 36 7 73 30 2 43 81 99 91 20 81 71 38 74 41 0 46 51 28 87 93 62 98 75 57 79 98 19 78 36 0 36 67 77 94 43 52 
7 48 74 99 33 58 37 29 20 33 35 88 9 24 54 3 13 9 75 58 84 54 5 78 85 57 89 11 41 16 62 52 18 85 2 2 94 81 97 70 44 81 12 48 42 61 72 40 43 73 40 58 19 98 52 36 49 38 44 45 4 86 69 79 65 22 14 2 32 94 65 95 33 76 43 46 57 74 57 16 37 66 61 55 94 47 92 39 93 98 21 92 9 32 78 85 92 85 21 49 
10 22 63 41 0 75 60 17 35 48 21 50 98 65 41 23 97 99 61 42 44 89 24 70 41 91 3 54 98 29 21 17 5 36 73 84 48 57 39 19 63 6 44 95 91 36 66 99 58 29 59 70 48 91 5 9 60 10 54 42 43 71 57 32 64 48 45 99 38 34 8 94 6 20 38 75 35 10 71 99 74 57 18 19 13 13 0 62 97 17 45 8 76 86 89 71 44 19 25 68 
21 10 11 71 99 6 47 18 11 44 76 95 91 48 71 89 1 54 93 37 93 17 19 46 37 14 93 33 5 83 31 5 38 86 72 2 19 93 80 20 19 92 45 46 57 77 44 12 65 82 84 26 27 92 16 54 58 87 93 4 18 59 74 99 88 57 99 87 17 84 79 12 50 1 62 66 64 33 34 59 52 54 22 41 88 73 11 68 57 2 61 22 28 4 98 6 28 11 49 49 
18 31 18 67 89 48 23 49 75 46 38 7 59 89 37 13 39 29 78 58 49 82 21 44 18 24 47 17 38 1 92 29 54 63 35 22 43 67 44 48 94 62 46 0 17 72 43 95 81 14 24 99 0 44 45 82 81 2 33 30 89 70 86 91 32 51 4 86 9 92 85 35 34 69 88 50 72 41 34 59 57 87 53 34 39 67 17 0 48 99 96 75 10 62 97 83 97 47 95 6 
42 51 27 65 83 33 18 77 96 6 56 97 20 93 70 44 13 59 78 81 60 53 44 89 84 10 47 5 72 16 46 97 55 63 28 52 64 0 30 32 58 31 35 85 58 78 41 13 66 56 74 99 96 83 17 44 56 77 34 13 50 97 24 10 84 12 97 22 14 94 11 73 42 42 81 90 70 76 3 61 96 87 75 72 45 82 88 80 57 23 80 78 66 42 64 34 88 10 27 96 
72 45 17 94 95 29 85 93 29 95 56 11 56 47 63 81 3 92 95 76 80 1 80 65 65 16 0 93 19 62 24 74 23 3 68 56 86 11 86 2 14 54 69 89 29 52 4 53 37 64 39 81 73 58 50 86 95 94 31 15 18 35 14 48 86 91 51 26 74 97 42 5 46 17 36 57 49 19 76 6 56 94 93 80 39 70 54 9 79 96 21 32 17 93 32 25 26 10 84 74 
44 62 24 46 52 60 59 16 76 91 13 42 79 59 87 22 43 73 4 86 50 86 34 43 39 56 33 71 47 42 18 6 72 74 52 89 33 4 64 34 31 72 58 19 95 42 27 38 36 36 28 92 79 9 66 21 65 13 87 32 60 78 38 95 53 29 62 49 33 80 81 82 22 26 71 43 35 7 8 83 63 50 38 84 79 52 45 70 31 44 13 45 50 87 90 89 11 52 6 63 
