31 32 73 38 80 50 96 11 40 99 61 56 91 72 94 78 69 48 32 70 64 19 79 97 8 51 23 36 59 94 85 55 87 48 63 12 62 31 24 70 22 37 20 58 13 17 36 6 42 71 53 33 16 12 1 66 3 97 17 20 69 4 49 33 30 97 13 85 15 54 65 90 0 85 80 57 76 29 56 20 34 15 65 6 32 18 11 78 6 61 85 96 32 24 95 60 32 55 46 9 
44 62 75 93 35 87 69 93 89 16 27 23 52 44 61 46 76 66 57 83 98 92 37 89 37 56 40 18 73 44 54 40 45 63 60 84 26 32 47 10 80 79 71 13 44 4 95 41 39 38 3 47 3 53 51 59 55 0 78 41 67 66 57 65 69 89 5 27 86 19 42 51 4 13 25 96 35 17 25 15 70 20 61 58 48 12 1 70 55 82 91 86 81 32 11 81 92 73 18 2 
94 93 78 2 6 42 78 73 21 87 69 0 72 88 60 90 69 90 65 90 61 56 69 61 9 34 4 52 16 70 15 76 7 41 47 45 53 51 97 95 5 24 17 92 74 13 42 37 43 78 13 22 52 6 26 25 96 73 20 10 62 32 33 3 56 99 37 37 74 87 65 68 0 54 84 94 64 95 1 81 54 52 87 8 1 74 84 96 89 96 12 59 48 76 54 57 46 43 40 1 
84 26 20 46 58 44 57 11 17 94 11 20 93 61 26 22 67 2 89 72 76 28 30 7 46 73 12 63 21 34 9 3 56 36 41 10 2 11 18 51 70 35 98 75 93 68 98 77 38 22 28 42 23 3 91 93 52 95 21 68 32 71 30 69 58 82 60 56 68 46 18 58 10 33 32 17 26 81 75 24 60 96 9 46 95 39 44 34 17 75 47 74 8 34 57 4 41 92 92 68 
29 17 37 79 22 68 71 76 71 52 25 49 95 14 52 44 75 28 67 10 21 36 1 31 80 80 72 76 54 84 31 50 33 41 87 0 45 12 50 94 48 78 48 6 71 27 61 83 45 4 10 41 97 34 78 13 57 48 29 61 32 8 92 57 35 76 84 7 8 70 56 72 54 66 76 57 1 84 56 29 97 85 15 83 5 18 92 78 18 82 74 34 36 7 0 67 32 28 4 57 
66 70 59 62 57 5 45 60 61 55 5 36 64 31 96 59 60 99 66 39 56 43 25 45 17 53 97 74 91 13 92 78 64 2 42 4 96 57 83 15 42 78 92 9 54 80 96 66 3 49 44 27 63 66 61 40 16 15 44 62 57 58 90 66 70 20 5 53 24 0 55 92 69 53 85 76 46 82 55 36 29 0 82 28 78 35 94 76 32 84 13 69 50 67 39 20 75 39 32 91 
97 22 87 93 17 35 65 12 29 64 49 69 95 49 56 12 78 10 4 73 90 53 29 14 57 92 16 9 63 68 19 80 46 86 44 96 23 12 94 87 30 67 17 37 45 51 86 72 78 28 66 58 34 36 62 8 46 62 23 41 76 9 46 73 75 72 19 7 10 32 21 83 86 74 1 79 14 59 13 84 7 4 26 61 71 15 1 44 91 16 70 24 43 96 78 74 97 32 2 10 
63 40 43 41 73 81 5 41 94 83 87 48 96 3 92 80 94 30 83 38 69 38 23 38 87 21 89 6 64 70 87 55 53 39 34 17 42 28 63 69 38 33 45 11 50 60 38 84 54 47 27 26 3 93 56 62 86 7 76 47 3 95 97 97 14 61 24 22 17 68 80 48 86 45 8 47 84 27 69 77 64 0 0 27 54 20 36 18 8 2 48 27 15 31 87 23 99 3 88 90 
63 64 92 30 69 46 38 78 87 0 93 3 88 13 20 51 57 71 98 92 50 18 95 63 75 44 15 62 86 51 82 3 52 57 31 38 44 64 88 13 19 52 47 5 17 4 18 56 54 10 8 77 96 28 59 91 64 16 64 42 79 24 81 66 31 65 98 65 55 51 91 83 15 34 1 33 99 55 78 59 29 82 65 33 17 98 62 35 5 2 58 31 37 99 75 35 53 22 23 76 
73 55 58 6 52 10 56 69 39 9 59 92 8 70 69 91 82 59 10 70 27 39 13 96 45 18 3 54 46 36 72 1 58 21 52 48 13 21 17 34 1 71 79 74 84 75 48 53 78 32 90 62 70 74 13 11 43 48 49 54 45 93 7 76 95 85 87 67 23 54 46 87 36 4 97 47 99 72 66 21 86 71 6 21 41 63 42 18 62 86 85 84 90 27 58 75 28 13 22 5 
13 37 81 54 57 4 25 37 65 81 83 36 77 55 41 20 29 78 16 30 26 55 95 81 98 81 52 4 52 31 69 23 88 15 17 97 95 91 88 57 34 2 28 10 44 25 97 46 89 0 16 58 48 75 15 67 61 76 80 77 28 30 84 4 96 7 18 86 79 82 28 39 33 48 59 54 75 84 93 77 58 56 20 92 32 94 26 18 74 79 72 8 67 27 11 50 20 45 47 23 
89 24 70 2 30 6 69 18 77 64 25 3 39 14 9 50 37 53 94 64 10 2 83 14 42 65 38 47 56 5 34 44 64 53 18 20 34 76 15 56 83 21 9 10 49 59 28 26 84 23 32 19 12 66 5 82 12 84 5 72 6 44 6 31 68 6 65 15 93 3 19 57 84 12 42 64 76 18 51 78 13 68 73 20 1 73 58 6 66 52 32 53 43 93 87 59 90 78 45 36 
62 78 71 13 61 52 34 17 15 95 92 71 91 49 59 87 36 2 98 12 12 66 91 2 86 97 5 11 6 25 48 79 74 69 57 20 85 50 50 47 34 7 21 72 74 53 20 96 18 10 13 29 17 17 35 54 21 11 85 40 87 68 72 96 64 21 99 41 53 76 30 12 78 17 48 87 11 64 99 75 55 31 55 93 38 89 30 63 80 35 13 34 58 86 39 58 77 93 48 82 
85 0 71 94 31 29 44 86 38 59 55 3 94 80 9 72 58 31 94 35 68 17 14 84 35 19 80 91 32 85 87 45 88 14 11 91 84 96 17 14 86 9 30 18 24 81 25 73 14 50 93 31 97 78 76 20 93 72 79 69 22 14 2 39 98 8 76 92 2 13 66 83 40 50 79 38 76 71 52 6 37 50 77 30 50 21 52 72 96 76 99 25 47 71 8 76 40 32 5 0 
25 20 65 45 75 42 10 4 19 29 75 17 12 96 40 34 56 58 60 73 33 23 90 43 14 24 85 35 30 34 85 13 32 37 49 15 60 42 11 43 64 83 72 23 19 47 32 93 46 82 54 63 84 1 79 26 35 57 49 2 40 16 22 5 43 61 50 87 86 37 18 69 64 70 57 8 25 91 80 13 29 60 48 82 16 91 78 64 4 95 76 95 32 84 35 45 19 67 68 15 
34 4 19 80 75 5 8 27 87 77 28 88 20 8 60 74 26 72 15 99 10 77 14 7 29 1 60 17 32 40 4 32 12 18 46 65 32 48 3 74 56 48 36 95 40 51 37 50 29 81 67 28 96 52 40 98 73 56 80 61 53 47 88 34 79 83 87 28 7 72 21 43 37 44 79 33 85 92 94 95 2 53 56 67 0 78 60 63 68 4 29 69 67 96 81 88 60 27 38 97 
82 24 34 31 29 65 83 56 26 47 77 29 77 80 59 20 10 65 19 36 71 25 90 16 98 7 16 36 62 11 51 16 42 68 18 42 85 40 20 98 39 9 97 76 77 86 32 6 15 61 58 87 2 27 28 3 76 81 19 48 22 22 55 16 54 8 81 44 84 24 12 20 78 48 98 28 14 56 48 70 83 28 15 53 64 15 21 82 40 61 15 5 31 72 96 18 48 29 27 80 
95 2 32 98 64 51 92 12 93 69 25 73 85 72 96 14 58 88 66 21 68 35 1 19 74 42 72 94 4 94 28 27 78 20 32 32 32 7 51 29 78 97 37 28 2 45 3 78 4 7 7 80 13 4 32 41 23 67 25 0 39 44 88 66 16 52 48 69 88 26 19 48 84 45 66 6 21 77 10 96 80 90 73 66 2 11 31 93 9 47 17 16 9 62 11 79 18 2 1 83 
12 23 69 6 56 8 82 94 3 74 84 86 57 23 38 80 68 48 24 29 84 43 55 37 81 12 29 86 79 32 53 96 25 94 3 46 94 78 68 99 83 23 92 2 61 50 28 38 54 15 30 78 66 10 98 84 92 70 78 45 24 0 58 17 55 80 62 47 53 8 23 82 38 21 68 37 45 9 49 8 41 25 37 68 52 0 88 26 89 21 91 14 32 62 46 78 73 64 82 20 
17 44 29 91 52 11 11 18 80 34 59 14 84 69 33 99 5 90 12 20 93 64 66 58 72 28 31 26 52 10 0 86 23 33 49 58 80 77 53 43 35 57 28 99 80 48 34 74 74 86 10 77 31 39 1 41 40 12 76 99 11 27 82 65 35 8 31 39 55 20 22 78 97 64 78 93 69 77 24 99 34 27 34 60 4 3 58 67 19 18 92 19 7 34 30 81 4 71 67 5 
48 14 18 97 47 77 12 78 58 12 23 48 51 38 20 84 87 87 99 72 17 76 9 95 71 59 43 93 75 81 69 49 4 49 65 70 88 7 82 55 0 25 43 34 14 45 56 22 66 67 87 67 36 48 2 23 8 15 52 67 83 27 65 87 10 25 60 42 49 63 56 79 22 97 32 5 34 35 6 94 26 32 13 97 29 57 63 50 66 21 87 1 53 91 28 15 27 49 61 60 
82 80 50 28 89 19 6 12 83 20 23 44 1 49 71 43 47 52 32 46 96 73 79 32 33 51 16 21 54 13 25 6 94 90 96 28 40 32 42 13 23 77 37 99 27 94 52 54 92 43 69 65 26 84 56 0 30 83 2 8 69 81 13 34 53 85 42 29 60 82 18 94 35 9 61 77 51 59 12 89 24 41 10 48 58 40 78 80 72 17 43 38 85 2 11 65 85 18 52 29 
32 31 12 20 66 49 28 80 58 9 7 35 0 75 44 23 33 76 5 86 17 52 73 53 92 63 77 27 68 40 38 84 90 83 98 87 46 19 48 61 76 59 25 55 60 79 9 38 34 1 97 0 74 77 50 54 54 0 97 48 6 92 28 36 67 56 86 63 99 13 51 96 36 98 54 78 71 8 22 60 83 73 10 39 46 77 40 56 74 26 25 59 64 80 35 43 73 44 83 15 
6 11 43 12 46 93 46 72 58 82 19 43 44 23 68 27 58 33 29 1 65 64 80 29 93 70 13 55 92 54 60 20 39 55 54 59 24 60 54 73 68 14 85 93 22 99 60 88 61 21 16 43 11 18 45 31 38 58 76 70 83 3 23 54 25 87 91 35 55 55 92 20 42 47 50 71 61 90 40 49 29 75 16 96 71 32 38 71 67 30 10 41 11 22 43 29 85 6 42 97 
38 83 45 91 7 49 0 89 48 63 61 44 26 61 31 21 45 3 42 61 3 72 57 75 16 15 24 29 94 9 82 17 42 23 30 32 52 53 62 14 76 34 44 39 41 38 4 69 42 30 37 83 95 64 72 66 77 71 98 6 21 51 65 23 78 35 25 24 53 86 15 0 76 92 39 71 54 27 67 79 42 98 3 19 82 44 58 24 46 84 69 15 22 84 62 26 32 24 44 55 
45 0 25 17 57 40 96 15 0 43 64 38 32 98 88 59 29 14 37 18 52 64 69 81 80 88 93 96 60 5 66 44 20 12 99 26 34 26 65 81 40 30 55 92 77 34 68 25 88 73 8 64 99 31 30 68 67 36 59 51 31 2 34 85 28 32 33 39 96 43 28 15 25 92 84 67 44 22 56 9 5 10 91 2 94 84 84 8 12 99 10 96 17 92 94 40 6 35 67 19 
71 26 32 3 64 98 44 15 46 91 26 77 15 12 18 24 86 63 60 32 71 6 79 91 65 85 53 6 89 50 93 20 30 59 89 95 89 7 5 38 99 80 19 27 76 59 73 41 67 56 20 50 19 51 50 83 64 16 19 19 27 75 51 80 49 67 79 15 55 43 28 59 94 37 12 97 5 27 84 18 99 64 94 32 25 52 20 70 9 18 0 82 68 65 97 88 82 20 78 57 
11 91 50 85 31 59 75 25 77 21 67 39 89 30 72 59 16 93 67 2 1 13 0 37 13 72 3 92 18 5 62 15 92 30 57 45 84 85 82 20 21 72 18 76 15 42 84 43 73 48 89 20 84 28 59 94 22 9 53 20 24 47 75 23 62 65 55 87 62 67 3 93 60 41 82 85 30 33 84 68 4 91 28 16 9 4 45 66 46 83 20 23 6 52 89 15 39 66 62 15 
92 2 76 30 39 46 49 77 93 50 34 21 40 54 46 65 0 91 30 5 25 63 86 7 44 3 12 96 65 31 80 80 95 29 68 45 62 9 0 17 5 13 85 59 34 95 85 33 54 55 14 63 25 11 21 26 59 64 84 9 40 83 24 92 46 0 47 63 20 38 24 53 41 58 28 11 65 40 3 38 47 4 66 32 0 89 71 25 15 8 74 64 89 11 61 77 51 48 80 40 
33 71 27 57 18 66 85 34 37 4 7 85 54 89 84 35 62 49 70 0 11 86 20 43 59 26 5 16 94 47 33 4 75 78 35 85 55 25 7 67 76 68 53 62 32 42 33 37 84 37 64 66 24 63 24 31 24 40 55 45 64 84 5 87 43 87 51 44 17 37 78 77 0 35 45 81 72 39 78 70 25 31 51 29 73 9 20 48 9 90 23 79 29 56 92 56 64 20 30 0 
76 52 86 35 81 9 71 37 79 1 81 70 3 2 42 75 79 82 78 86 4 6 69 64 24 41 22 48 79 31 42 67 7 25 11 50 52 87 35 15 93 58 40 9 27 83 65 81 9 9 60 37 53 51 5 22 62 94 92 3 63 31 38 14 31 60 69 70 5 23 53 52 97 89 46 94 63 1 27 43 0 67 0 64 88 46 91 2 99 11 28 33 42 65 86 28 71 6 9 7 
15 7 61 2 48 15 95 38 67 76 58 8 0 43 61 68 35 41 36 68 57 73 55 50 68 32 70 55 96 22 9 49 55 19 7 73 77 70 10 57 87 29 97 46 28 69 7 53 77 47 62 39 75 67 1 69 51 64 22 53 9 13 50 47 52 98 92 99 53 97 85 35 25 66 1 43 76 22 97 91 20 4 10 57 91 62 55 12 56 21 22 72 95 93 77 62 59 84 94 58 
23 21 43 92 80 65 8 76 82 89 29 58 61 45 69 44 90 32 39 33 41 56 2 78 41 56 64 86 15 41 46 20 40 41 4 19 2 26 7 5 51 70 94 33 19 1 9 13 59 39 11 25 54 84 6 27 8 10 89 19 89 62 25 7 63 69 92 78 67 44 2 78 70 41 85 65 74 28 52 96 62 15 89 51 99 50 31 25 0 1 26 25 4 2 26 59 93 29 27 31 
77 43 77 94 57 95 24 74 96 79 32 45 5 38 63 9 39 56 51 34 60 27 17 43 74 77 24 6 70 58 62 47 53 43 69 43 12 63 36 80 75 33 67 95 98 34 48 1 26 72 96 0 5 59 1 47 68 64 49 94 9 67 47 93 14 25 60 95 4 57 9 43 63 98 91 8 25 6 64 32 5 90 4 57 26 82 14 11 52 69 72 93 67 49 67 47 29 96 52 47 
81 2 99 91 65 79 54 58 47 67 94 78 76 0 1 58 56 27 96 84 10 27 16 21 39 6 70 47 97 92 23 43 26 33 59 19 49 39 19 10 64 76 20 47 62 52 57 74 67 98 14 13 17 31 91 87 30 52 9 75 68 46 75 82 0 95 7 32 34 38 2 48 83 37 57 23 16 25 98 3 6 84 74 20 10 39 48 50 15 83 26 13 22 85 83 86 2 46 29 98 
0 28 63 75 16 62 53 89 73 60 27 19 25 11 39 91 45 2 27 24 15 97 71 13 92 61 78 25 73 56 7 93 85 94 82 81 57 48 52 98 98 92 27 23 53 26 46 87 37 1 12 75 54 48 55 65 6 58 38 60 28 73 59 92 46 79 87 44 95 30 35 42 46 17 4 35 26 78 25 4 26 75 7 24 63 60 89 59 43 53 22 3 56 87 0 77 38 88 86 57 
5 93 8 13 26 28 41 59 19 33 73 38 41 28 61 43 18 39 83 93 44 17 6 17 53 4 42 30 67 19 71 40 61 28 84 43 42 8 70 55 81 2 22 93 2 56 40 92 33 35 12 29 8 19 46 56 22 71 64 72 33 2 51 93 15 43 71 95 53 41 43 66 35 69 33 72 88 20 61 15 93 75 52 68 20 54 18 90 39 17 48 59 25 61 48 71 92 54 10 43 
40 99 88 57 14 3 68 16 0 71 20 11 97 0 75 17 28 42 42 44 58 77 69 82 23 79 67 83 24 90 71 89 78 91 53 80 90 79 21 37 30 25 66 33 11 25 89 82 99 3 59 30 68 3 3 39 98 0 97 94 18 90 64 10 32 44 35 39 38 21 50 15 61 27 57 85 79 82 62 73 93 50 19 12 4 87 26 28 47 0 40 81 19 6 55 85 89 54 44 58 
47 94 13 34 65 12 43 27 86 75 34 39 27 90 59 73 4 70 46 18 85 48 50 15 14 35 18 64 30 10 73 80 76 77 68 81 75 80 79 3 56 25 73 96 9 92 99 51 48 35 4 81 57 39 26 83 68 15 88 97 22 59 35 70 26 58 5 14 11 28 76 76 20 27 15 96 70 86 72 68 57 79 70 25 62 65 87 60 12 69 97 41 26 82 16 44 72 42 79 91 
52 75 28 31 50 57 61 98 67 30 60 69 95 72 49 93 25 14 31 39 91 90 12 84 94 81 62 74 95 4 42 9 35 73 38 41 60 68 41 60 44 80 61 50 29 36 78 70 94 99 73 68 89 24 67 58 33 94 59 80 86 36 82 67 51 66 30 59 36 23 56 12 72 14 58 94 36 99 27 5 40 63 77 15 61 22 61 91 76 80 13 5 6 74 51 35 53 63 76 32 
6 67 3 87 11 78 78 71 31 35 30 52 59 11 23 32 40 17 54 18 10 32 47 15 27 99 65 19 80 63 96 55 71 50 13 53 14 7 67 35 7 30 53 35 73 74 71 58 29 84 46 76 52 33 61 56 92 34 8 60 33 31 94 11 6 74 45 81 89 2 88 63 27 84 98 48 55 80 33 22 9 11 62 5 70 63 74 97 54 52 96 38 32 90 54 37 28 14 29 17 
67 22 81 51 64 3 28 21 76 49 1 68 31 98 64 17 59 99 88 61 72 63 77 1 24 60 76 89 61 95 92 35 73 91 74 78 98 9 6 55 26 66 51 64 24 22 45 24 3 40 54 90 11 97 64 33 14 53 12 11 0 80 57 52 86 57 39 50 80 33 30 18 21 42 40 62 55 6 29 41 47 54 36 10 46 58 35 89 61 82 59 62 18 13 18 20 79 1 68 85 
6 52 95 18 2 50 42 65 65 82 41 89 23 97 82 7 58 92 35 94 18 46 31 28 94 87 30 91 80 26 33 92 78 21 61 63 65 56 78 3 38 63 71 93 54 58 57 11 66 97 9 77 60 13 25 75 45 0 17 24 72 37 22 67 1 72 88 32 97 58 53 18 61 72 73 74 89 52 39 10 3 9 63 99 20 8 22 92 67 99 67 80 35 61 71 22 94 49 68 43 
43 80 53 75 99 77 1 31 31 55 21 14 1 10 43 95 54 54 12 87 91 73 32 56 34 90 1 92 79 77 25 46 38 72 48 25 55 91 77 95 45 40 83 81 39 98 20 4 45 31 9 56 25 60 1 85 93 40 78 31 84 87 83 62 75 48 89 42 74 37 52 33 15 38 50 61 2 45 33 29 61 20 72 78 86 3 88 38 95 96 88 77 18 60 31 18 5 51 75 48 
75 19 10 86 52 45 96 52 45 1 88 83 0 56 72 22 62 62 14 54 45 29 29 27 57 50 55 8 1 82 24 89 51 18 2 94 56 18 79 7 1 96 24 10 47 43 3 76 48 74 28 8 39 79 83 25 52 95 44 30 63 8 99 59 2 56 42 1 21 4 5 65 78 37 73 62 45 74 36 12 17 86 44 49 95 75 48 70 64 7 83 85 42 53 48 78 67 8 81 22 
92 51 96 88 19 77 75 90 95 39 27 58 77 90 75 57 60 44 2 84 92 76 90 77 55 38 67 48 95 51 63 43 12 0 91 54 80 79 94 83 56 25 12 61 47 91 38 20 0 74 76 37 45 72 15 14 69 45 0 59 41 15 68 14 6 18 74 96 22 51 98 2 74 77 11 87 19 36 76 58 76 81 46 90 70 11 9 71 45 21 43 57 34 35 77 60 1 69 81 98 
13 13 51 5 90 1 92 22 94 21 32 30 35 42 71 87 56 15 83 98 34 99 36 68 77 95 96 77 71 10 63 0 28 98 54 60 99 36 7 39 76 15 20 33 18 28 29 59 99 58 55 9 45 49 7 8 79 56 38 25 84 27 86 94 52 13 1 69 89 10 89 98 48 37 11 63 88 8 75 28 2 19 4 93 77 98 29 15 60 89 76 39 2 71 69 23 40 46 21 34 
38 84 84 10 63 47 17 88 34 9 86 96 9 27 6 70 19 70 92 76 11 79 84 88 38 79 73 20 57 30 11 65 11 77 25 9 16 17 42 48 99 87 48 88 6 85 73 68 19 14 1 2 28 52 3 44 2 25 12 37 7 76 61 72 39 38 93 45 44 32 58 14 20 94 66 48 82 77 49 82 80 45 45 86 88 18 6 51 90 40 83 42 37 72 33 4 68 41 14 91 
90 55 73 0 25 43 60 8 72 95 42 77 63 35 58 44 35 61 28 53 58 84 62 63 32 51 17 8 38 28 2 71 71 59 55 16 61 41 34 51 82 48 92 57 55 53 62 76 24 7 72 34 85 46 46 7 19 92 71 74 14 63 15 64 11 95 40 83 5 56 73 15 56 51 7 26 65 62 55 5 84 34 76 9 39 9 41 39 98 51 18 92 84 72 31 68 9 95 64 85 
20 53 75 90 19 1 60 92 92 22 91 73 15 93 7 3 81 49 41 43 79 29 46 87 27 13 5 65 70 31 28 45 95 91 26 85 31 36 53 34 61 18 1 38 60 49 97 72 95 7 52 23 8 5 74 23 12 69 13 28 73 92 30 57 77 54 88 64 27 10 91 66 20 65 65 81 3 9 45 12 24 50 64 99 9 3 24 32 98 53 11 13 39 9 4 51 3 27 11 42 
52 19 43 6 40 71 15 38 1 93 85 86 65 6 15 50 11 91 47 17 70 36 2 64 95 22 44 92 1 17 90 25 53 69 43 75 18 8 31 92 86 1 12 96 73 0 59 38 86 18 27 52 36 22 8 44 10 20 16 15 86 96 36 99 55 14 93 29 73 9 5 21 61 42 23 12 97 83 67 77 77 75 80 11 27 71 64 71 60 2 82 94 35 97 79 73 25 86 23 63 
82 33 17 15 39 3 44 7 40 35 91 72 36 31 91 39 31 44 91 79 92 44 68 36 15 79 94 11 32 91 35 7 80 69 59 87 75 17 4 93 63 97 31 43 57 68 38 52 97 24 87 93 31 35 69 20 47 66 73 60 92 51 56 95 92 0 7 37 94 63 95 81 86 71 3 65 70 45 34 33 61 28 69 52 40 42 76 27 46 6 24 58 88 65 50 28 33 38 17 84 
64 93 10 89 16 24 7 35 51 67 28 72 82 94 37 90 92 41 15 9 85 12 3 55 16 42 13 82 76 55 98 2 60 43 39 3 54 13 91 66 13 16 94 27 49 96 4 53 30 56 41 53 55 23 18 96 78 37 5 96 85 52 36 13 30 26 71 44 23 92 51 92 43 51 45 23 33 98 0 11 75 88 78 85 45 76 22 41 47 50 86 52 15 92 5 98 0 29 95 40 
72 76 67 1 6 12 22 28 71 26 71 50 18 16 14 63 63 97 85 70 6 25 48 64 43 31 87 21 63 56 66 19 4 9 67 3 70 84 36 5 51 34 11 46 96 97 2 52 44 12 92 18 13 51 15 53 4 90 56 34 58 52 3 80 48 96 28 89 46 26 22 28 52 74 98 61 81 97 96 20 77 73 47 39 96 95 43 71 59 48 26 41 63 39 92 25 59 36 76 6 
83 78 58 35 83 20 23 9 88 35 45 3 45 27 67 71 28 38 56 46 23 45 67 33 30 24 84 24 46 25 85 55 72 24 47 3 35 14 93 92 6 96 1 73 53 82 82 43 53 98 75 37 37 53 94 87 84 84 63 86 77 84 13 56 14 29 61 44 96 87 2 28 98 22 49 41 64 42 10 35 90 50 18 77 1 69 71 35 92 45 76 23 75 64 34 80 81 64 0 10 
44 4 85 94 69 56 35 52 99 71 14 78 32 3 38 66 34 53 78 93 64 78 73 14 25 77 34 25 84 18 68 84 77 20 34 81 62 94 41 90 66 30 73 94 46 83 56 76 17 23 79 64 77 32 1 13 30 64 19 97 11 18 65 92 87 19 17 3 94 5 45 39 36 7 49 53 5 57 87 47 85 65 18 74 21 98 5 38 55 60 8 1 91 40 59 88 23 82 22 94 
93 4 29 22 65 48 21 48 24 9 78 55 67 86 23 29 92 48 31 46 88 93 5 85 92 4 46 5 57 15 49 7 90 19 67 65 39 67 81 91 60 95 47 15 46 26 70 94 94 30 20 33 72 92 58 57 89 75 94 39 52 24 82 82 57 86 5 62 59 67 5 81 9 88 41 8 99 54 51 53 34 41 52 58 75 71 35 73 99 96 63 25 29 37 89 43 11 26 18 78 
96 49 49 4 38 36 72 58 21 93 6 6 0 84 0 91 90 49 84 80 77 20 86 37 99 13 19 70 72 63 46 81 32 76 89 30 59 97 51 17 6 4 28 8 81 43 70 34 69 31 5 75 24 13 53 13 95 72 34 62 36 71 97 75 47 36 45 84 25 77 24 81 31 1 51 4 45 15 71 92 83 91 42 10 76 53 94 98 44 62 16 4 69 68 11 35 78 13 57 78 
60 27 66 77 2 98 33 55 95 71 8 9 97 92 27 21 12 96 99 40 63 96 91 68 50 81 24 39 17 56 77 8 96 72 53 71 47 3 8 74 48 63 52 97 66 62 37 68 84 40 30 54 23 41 41 46 97 86 40 33 47 36 10 25 40 86 26 33 17 50 98 64 55 88 70 35 3 22 98 26 54 63 42 98 58 65 56 14 99 68 63 66 77 57 38 67 4 19 91 99 
57 37 1 80 45 53 68 13 12 55 87 92 55 24 22 26 53 97 46 39 55 22 61 93 38 48 63 56 77 67 21 79 31 88 71 61 53 10 77 49 16 73 29 50 94 88 96 31 22 23 70 70 37 25 3 4 51 36 67 37 23 37 20 52 98 89 3 36 56 56 1 36 35 81 30 4 21 70 15 77 1 30 67 12 27 95 51 25 31 41 84 6 73 13 25 65 38 22 49 53 
38 1 68 34 11 46 16 10 24 58 67 96 81 27 95 22 74 30 7 85 79 76 24 78 71 91 38 35 24 62 69 44 54 64 45 74 41 96 22 11 68 88 36 23 15 56 89 43 9 6 33 84 91 52 53 91 71 80 29 50 84 82 79 65 68 10 31 25 84 92 3 69 89 9 74 68 11 84 73 6 66 9 27 58 18 5 82 99 27 67 28 34 73 45 39 51 22 49 51 24 
50 81 97 66 30 12 29 1 32 8 47 94 53 41 83 11 0 36 39 79 3 80 5 14 68 79 93 67 58 36 70 77 43 79 55 71 11 66 85 71 34 18 31 76 87 10 31 18 39 72 99 27 40 63 55 88 0 72 1 57 64 35 12 61 92 26 77 8 26 86 90 58 98 69 94 76 24 70 62 93 56 1 56 22 50 69 77 54 66 9 71 53 1 59 73 23 17 59 15 16 
4 64 89 81 28 38 14 2 95 23 36 82 34 39 85 2 52 98 33 49 78 33 95 43 0 95 10 13 25 9 33 24 56 72 28 62 83 71 28 49 5 12 76 37 75 67 7 21 6 92 86 81 75 84 46 30 74 80 13 49 16 1 79 17 60 59 21 23 16 35 81 35 65 62 8 12 75 56 96 20 49 5 96 89 89 63 78 76 3 20 8 56 48 90 85 57 4 52 74 61 
71 62 71 94 28 4 87 34 19 75 73 27 89 72 55 91 41 33 96 55 42 77 45 58 34 56 27 68 53 55 65 72 43 49 75 47 54 86 1 26 19 18 74 22 74 2 91 97 43 50 21 36 56 51 50 51 49 11 70 24 7 21 68 56 92 79 22 70 42 96 71 21 6 79 19 72 94 85 92 96 62 67 88 34 48 52 73 66 51 92 88 20 77 41 93 52 31 4 23 23 
0 39 47 19 4 74 77 67 80 56 51 8 59 63 80 23 63 74 68 41 60 66 75 99 48 91 43 97 0 1 69 21 45 26 50 56 31 85 30 77 2 24 54 93 82 14 67 93 20 52 86 78 89 93 5 66 43 19 89 71 58 9 2 33 65 18 96 39 89 54 80 31 5 83 90 78 74 57 96 54 44 99 43 54 38 98 4 37 95 58 5 18 26 96 45 11 55 13 70 78 
10 17 73 41 76 32 80 61 31 55 99 4 71 42 87 44 30 96 42 87 76 48 26 90 79 22 38 31 20 29 50 19 79 72 7 74 71 83 74 76 42 68 23 59 4 49 2 66 14 99 77 10 33 39 52 3 54 12 37 85 4 26 54 11 75 45 29 16 96 65 94 28 87 16 30 25 28 36 0 34 65 84 12 16 18 29 19 48 6 17 10 52 58 70 60 6 32 92 66 5 
53 9 86 56 69 16 67 88 62 96 61 38 44 82 66 38 28 25 27 82 84 50 77 34 74 15 46 91 7 59 64 34 26 99 36 74 49 11 95 62 3 0 61 0 38 25 9 64 31 83 9 69 96 18 42 17 85 52 59 96 18 60 50 83 4 60 91 92 42 6 20 41 54 65 80 80 28 69 24 30 34 0 59 41 1 25 53 6 31 86 38 79 37 66 64 15 14 94 30 28 
93 0 3 42 92 49 26 76 46 3 79 28 22 51 10 66 24 99 78 61 91 68 97 73 95 10 98 52 62 20 3 68 66 57 84 64 0 95 76 87 19 74 54 37 50 25 90 79 72 69 66 61 90 58 7 78 81 86 92 60 57 59 85 68 84 29 88 1 72 16 68 48 64 23 17 54 51 52 96 25 82 86 79 72 19 29 76 66 39 53 70 68 17 21 88 22 27 5 17 59 
5 10 76 0 20 89 12 99 29 78 18 80 45 66 66 12 51 32 44 12 4 92 1 20 34 53 88 25 0 28 28 67 5 48 6 19 52 68 36 8 63 91 18 24 78 86 56 18 25 95 47 57 68 53 39 12 8 16 61 76 31 38 58 73 20 82 28 49 15 88 67 73 5 25 18 9 89 49 23 18 62 26 57 85 85 75 21 27 77 16 47 44 71 40 25 13 37 76 12 5 
54 38 30 69 49 90 44 54 73 55 33 87 18 78 10 12 92 26 63 39 56 72 54 33 65 61 63 38 17 3 28 8 40 1 6 61 28 77 19 84 18 1 57 91 92 46 75 90 24 71 70 2 99 9 87 86 77 61 91 94 96 83 43 79 67 53 81 65 53 87 63 24 6 38 22 48 21 38 50 11 66 1 52 93 35 37 84 81 34 93 5 39 49 46 89 7 16 35 33 53 
2 31 32 71 2 86 34 27 20 43 36 98 69 4 79 76 31 7 14 32 80 3 88 86 92 34 34 55 97 14 48 13 67 1 9 24 37 90 16 20 42 88 34 84 99 93 30 34 31 47 14 24 56 70 6 71 50 66 42 22 42 18 68 88 9 34 16 54 57 88 40 71 46 85 70 33 84 79 0 69 53 34 18 77 26 95 2 45 55 43 77 39 74 40 12 8 0 40 37 64 
6 51 58 7 37 87 78 81 9 66 3 3 19 19 60 83 73 80 72 18 10 72 99 11 6 27 16 87 51 14 54 99 49 40 42 82 55 93 16 0 18 87 66 81 61 34 7 2 78 16 92 80 96 9 72 14 10 63 99 62 46 57 48 35 42 81 76 30 15 79 50 97 74 0 65 95 52 20 54 29 4 60 59 12 64 86 24 88 77 20 63 89 47 51 35 56 96 25 28 40 
41 34 3 53 2 64 60 96 3 64 3 65 48 26 11 14 43 80 11 49 95 71 91 75 15 23 27 78 15 20 47 55 67 93 35 16 81 92 23 18 4 66 13 14 22 96 5 69 33 82 30 12 73 43 15 81 29 9 73 24 97 75 31 73 26 64 38 70 84 66 46 15 44 34 80 16 33 6 17 87 9 56 99 31 43 97 15 92 67 26 47 51 55 93 61 72 33 4 99 35 
39 57 33 64 93 25 0 79 77 58 36 22 19 15 12 60 96 20 24 38 17 33 95 55 36 7 2 58 38 15 12 70 29 1 8 57 95 70 97 82 44 82 96 23 21 50 23 92 13 60 52 75 8 70 91 64 2 7 32 17 69 75 29 69 34 59 39 10 98 14 63 74 43 2 87 86 76 93 86 90 65 61 60 45 12 54 45 14 13 19 45 57 27 76 4 94 19 90 15 22 
56 80 58 75 13 68 43 63 91 61 87 20 49 28 60 75 68 12 63 40 14 54 51 40 20 85 22 14 8 79 66 83 68 0 70 73 75 30 50 26 7 41 80 16 85 60 45 76 65 84 51 52 45 61 44 49 27 14 3 64 84 4 46 95 72 22 55 60 16 60 75 30 47 37 48 83 80 85 89 85 22 55 16 56 1 43 31 47 73 91 63 86 52 11 53 23 13 67 2 96 
10 28 98 56 33 30 75 29 71 60 50 86 76 20 26 1 67 0 68 59 53 17 55 54 8 36 37 43 74 6 29 80 85 0 18 0 1 78 9 34 81 68 98 86 30 19 53 34 86 61 95 57 4 39 89 82 71 73 60 90 83 15 90 13 34 67 17 78 56 52 66 42 26 21 59 79 65 40 97 45 59 17 68 68 37 85 15 20 85 20 36 50 10 23 35 99 33 86 58 61 
82 97 26 40 80 60 36 75 1 44 58 52 46 20 55 6 37 24 47 84 87 28 60 61 57 29 50 46 53 36 17 39 98 11 1 13 5 52 13 43 33 42 72 16 26 46 12 37 95 39 63 32 1 82 44 84 8 49 81 29 55 61 22 22 1 61 3 53 21 29 94 67 62 19 3 33 71 8 71 14 45 90 6 90 42 57 79 63 52 76 14 98 54 1 86 39 27 31 76 20 
41 47 30 19 63 5 83 67 46 37 52 77 60 82 87 84 51 25 75 29 16 45 92 99 95 89 95 6 86 50 96 10 65 27 87 91 21 78 41 86 39 34 87 18 86 30 16 80 23 55 91 36 42 4 63 89 10 52 94 59 97 21 4 90 20 48 80 26 23 26 39 29 57 21 24 17 47 98 0 47 83 73 32 86 67 49 7 56 54 14 71 21 82 97 42 30 22 55 10 25 
38 79 6 69 73 88 28 37 2 22 79 20 7 5 88 40 13 49 64 91 40 92 99 65 78 36 16 0 13 51 87 72 34 83 35 18 74 83 45 99 56 23 93 9 98 99 96 74 72 55 82 60 7 65 32 56 52 16 64 45 86 0 8 3 90 26 52 24 81 80 73 7 17 28 78 24 48 70 76 52 76 28 65 25 15 41 8 8 89 84 24 76 36 62 85 10 26 6 15 3 
66 53 86 53 36 78 6 78 74 58 32 25 95 7 57 91 18 21 77 53 40 5 98 43 37 94 11 36 4 5 15 42 24 34 14 49 37 92 81 55 52 31 17 31 48 8 98 62 90 36 41 17 34 54 24 64 25 11 96 46 21 11 7 99 80 49 64 58 86 98 36 43 45 54 93 92 85 95 24 46 99 10 19 70 74 47 69 92 97 57 97 88 88 90 81 0 9 56 27 66 
20 72 5 97 10 18 82 53 3 73 44 22 2 64 6 41 1 85 65 55 69 5 23 34 51 56 56 6 84 70 45 7 22 35 21 11 58 11 10 42 37 61 24 4 14 45 20 78 99 75 12 45 80 90 29 40 34 0 20 52 28 72 41 41 41 50 17 79 94 14 63 10 63 55 1 42 41 61 92 81 59 69 74 62 99 72 86 81 34 59 57 8 94 33 51 78 8 25 55 2 
46 2 0 59 99 64 12 93 76 53 66 38 77 99 83 37 81 44 84 55 55 76 51 76 89 89 31 49 57 17 1 16 29 79 68 79 67 7 56 44 41 15 38 52 27 78 67 75 71 88 90 8 40 79 86 70 46 68 49 1 96 89 49 92 88 13 29 11 99 80 96 25 12 45 84 20 86 89 86 84 40 87 92 45 73 36 10 32 53 31 25 39 74 85 93 40 86 97 90 51 
36 28 34 30 93 63 32 86 9 69 4 8 85 14 90 86 84 96 72 10 89 61 91 19 51 94 60 70 16 86 79 14 21 2 33 97 39 20 23 50 22 92 45 59 22 71 32 74 2 86 50 90 59 7 32 49 86 14 42 31 89 97 36 70 44 2 88 92 66 92 15 32 25 16 34 20 94 25 86 38 70 42 25 94 22 76 78 60 20 92 63 7 46 9 85 73 94 36 29 87 
47 19 81 35 95 73 29 44 2 65 0 91 66 13 74 80 99 40 46 66 64 17 15 54 78 94 98 96 9 29 15 28 82 38 42 89 80 42 20 56 1 81 2 35 46 94 7 6 97 63 97 69 39 55 18 95 74 88 96 35 65 44 42 25 54 8 4 0 35 47 61 77 40 20 40 90 7 57 34 72 49 6 9 58 69 85 96 23 10 52 49 70 9 94 98 96 44 21 53 5 
25 20 42 6 90 59 74 66 17 51 29 12 46 88 80 9 21 0 69 39 85 77 10 68 30 66 12 91 87 30 91 52 53 77 45 42 80 4 49 22 19 71 34 29 2 61 84 14 71 66 21 5 56 84 47 19 28 96 70 67 76 46 36 12 64 7 28 84 98 86 55 69 98 57 20 62 54 33 15 88 0 97 72 93 74 51 13 93 6 28 29 79 26 13 23 78 9 14 38 73 
19 33 38 12 45 94 59 88 64 13 80 0 64 85 38 45 8 88 70 51 40 87 9 25 78 0 31 27 17 44 59 49 43 70 84 67 25 77 22 55 20 33 35 38 58 65 4 67 89 31 68 41 20 72 67 35 0 69 62 89 52 55 75 24 63 80 3 41 77 46 79 79 29 55 87 6 87 53 84 8 38 78 6 26 67 99 17 78 43 51 95 48 21 86 66 78 95 7 13 96 
82 21 65 43 28 69 26 68 26 73 92 16 31 55 27 64 20 25 49 90 87 95 26 74 73 50 80 62 42 92 56 10 60 99 80 73 73 26 87 67 64 98 74 43 3 17 97 89 48 17 9 11 38 87 99 57 95 73 61 65 5 37 15 80 38 55 92 91 79 7 90 5 57 74 44 45 79 81 23 62 70 59 83 21 85 2 10 75 52 62 89 75 68 73 26 94 85 42 66 62 
18 18 72 36 4 64 77 13 42 22 1 95 72 76 50 63 51 81 99 22 11 98 8 20 10 21 41 24 76 90 32 49 87 30 79 97 14 37 84 44 65 12 39 87 50 3 57 90 74 86 95 15 17 75 26 96 99 39 60 94 28 78 55 90 74 72 16 16 98 79 75 35 79 19 93 24 41 24 54 54 54 15 36 89 53 64 52 70 60 38 63 83 64 91 96 19 22 38 27 36 
13 81 25 19 37 72 39 8 25 63 48 11 48 24 79 34 12 17 28 11 13 27 50 88 17 95 17 46 0 79 81 59 18 20 38 71 86 26 65 32 49 29 87 89 36 96 65 24 94 63 92 91 61 44 1 61 23 69 43 49 68 79 88 35 86 43 22 62 27 34 75 40 74 1 79 47 21 79 44 56 2 41 82 22 37 88 12 6 93 65 71 41 73 47 78 69 24 82 49 3 
20 39 57 64 31 8 32 86 32 77 90 10 85 35 72 80 28 84 60 15 15 20 88 5 55 54 93 21 49 41 87 75 16 85 80 19 61 57 54 74 88 95 53 22 62 42 96 49 15 90 39 95 51 77 53 63 47 0 31 34 21 41 40 62 56 72 62 11 44 96 54 19 98 27 35 79 62 69 56 44 34 85 58 47 30 92 88 5 69 46 98 6 3 77 45 84 3 65 37 62 
67 89 34 25 29 68 87 23 89 36 55 90 76 17 10 19 31 65 16 56 0 47 20 55 36 26 32 96 14 55 19 17 26 9 99 39 38 35 40 80 82 39 93 79 94 23 1 15 67 13 57 48 77 19 36 18 63 6 70 60 0 62 10 4 23 7 22 11 41 10 44 31 25 55 66 3 63 38 89 59 61 55 31 45 91 42 70 19 73 47 24 70 34 35 88 6 99 47 37 87 
73 36 94 12 11 4 42 93 79 90 77 90 11 64 22 18 27 57 26 2 93 61 56 27 76 17 51 29 41 70 78 92 34 50 38 6 36 48 17 51 68 3 52 42 17 83 82 5 60 31 24 62 92 66 32 99 9 12 10 91 2 95 79 82 42 51 36 23 71 33 19 15 8 30 20 29 29 40 27 48 55 93 68 85 78 96 47 57 41 84 93 37 85 86 74 84 6 67 0 53 
97 78 12 90 3 51 64 52 60 3 73 60 68 2 10 5 34 27 92 79 42 30 75 95 92 20 93 28 97 50 22 45 65 51 20 88 82 4 20 67 73 89 0 21 10 10 50 79 16 13 97 7 65 69 18 12 3 16 34 48 37 21 10 31 4 29 72 21 97 95 36 49 65 21 56 18 54 97 4 82 22 56 21 26 25 22 93 94 71 38 60 45 10 55 57 62 14 99 58 4 
55 87 12 28 11 72 86 5 27 40 5 12 89 99 20 84 92 96 60 91 92 99 99 95 21 93 1 12 2 97 3 94 24 41 64 50 25 24 68 72 46 74 67 15 64 99 86 36 62 67 56 48 97 17 79 5 2 33 31 39 52 68 64 43 94 7 52 16 27 3 12 80 54 99 19 29 97 23 7 8 88 35 35 57 31 95 92 89 72 41 20 88 53 99 27 79 46 3 24 82 
14 17 28 29 84 40 74 40 16 83 71 26 46 97 34 66 9 74 30 29 12 41 18 91 1 62 82 98 87 5 9 87 90 12 90 50 92 20 27 24 22 35 98 87 3 76 41 10 52 12 53 10 53 15 63 32 67 34 16 63 43 52 49 93 62 86 5 81 93 87 53 43 55 84 76 59 48 92 57 75 28 76 81 20 92 13 38 51 64 6 44 44 34 76 38 46 83 78 80 28 
91 86 14 44 30 41 21 78 32 58 64 35 36 10 7 19 76 74 78 3 76 14 88 79 37 5 50 47 44 73 53 36 16 88 49 94 35 98 54 84 92 17 96 83 24 7 81 66 14 71 65 33 62 7 63 77 88 96 75 48 42 98 27 17 53 29 81 14 36 92 53 20 91 37 35 67 46 66 24 94 38 99 98 5 54 8 85 82 10 64 87 56 84 29 74 87 45 70 84 12 
35 2 35 31 50 51 11 50 23 67 25 4 67 50 89 3 29 53 2 73 52 57 8 65 51 50 94 65 26 65 81 47 8 57 17 1 13 18 71 22 94 35 66 33 50 49 2 99 99 26 94 36 21 47 41 85 95 26 87 41 20 37 40 33 8 91 41 82 79 26 42 53 28 73 65 88 54 6 81 12 87 20 41 25 78 3 73 17 11 32 89 73 44 63 49 4 26 54 89 30 
76 24 38 36 12 29 5 48 8 4 54 55 22 38 19 97 46 89 6 81 68 21 96 90 2 17 8 45 95 41 72 68 53 55 50 15 64 60 65 24 63 76 97 56 39 97 8 12 34 95 91 13 41 24 40 24 25 2 2 96 91 89 98 93 82 59 86 57 80 5 95 33 60 92 70 99 83 55 17 65 14 75 96 73 79 49 86 74 97 82 65 17 57 81 42 69 27 36 6 48 
65 44 74 31 98 11 78 20 6 22 20 58 41 8 1 72 73 20 28 50 68 82 10 20 18 45 14 32 10 47 14 58 95 6 46 70 34 25 79 6 63 46 90 93 68 39 38 75 88 66 28 22 99 57 69 36 65 54 21 18 42 83 2 44 89 93 23 46 48 83 78 67 55 21 4 43 66 2 87 66 28 34 12 35 89 88 91 18 39 58 35 2 25 61 6 18 72 24 81 86 
43 32 64 65 21 89 96 16 68 99 13 17 72 44 6 5 84 17 34 70 80 88 60 62 88 27 15 12 75 56 28 92 16 12 71 81 41 2 40 60 29 22 90 52 72 29 36 80 24 18 80 52 71 49 0 44 10 55 95 41 39 99 40 62 50 92 53 50 37 86 71 86 26 58 47 46 89 36 24 15 6 86 52 8 4 95 92 65 35 81 67 11 12 36 89 37 90 3 13 26 
