62 15 30 32 50 39 93 39 1 51 3 6 85 91 26 43 22 93 5 62 36 72 15 21 74 92 53 88 50 38 47 2 3 32 72 10 21 16 65 53 72 93 91 2 47 2 32 71 22 58 99 96 38 96 63 30 60 68 98 37 36 25 18 93 7 20 52 26 7 72 87 98 15 20 31 27 31 90 14 16 37 2 20 68 35 54 38 1 27 35 50 16 93 68 37 10 87 5 10 92 
7 11 69 30 48 50 54 80 30 31 69 7 7 27 13 59 82 52 84 93 3 6 35 6 87 61 90 24 10 69 2 25 58 69 93 2 10 88 78 34 50 65 1 31 69 19 17 92 4 25 48 84 77 41 59 5 32 58 96 68 12 34 8 49 14 18 40 22 1 51 73 5 10 1 14 61 86 80 51 92 11 76 20 42 64 17 24 77 15 85 78 30 86 14 23 63 38 59 66 53 
22 5 96 76 3 9 84 0 82 60 22 62 55 7 50 28 8 24 44 65 73 61 97 53 87 96 0 3 70 90 26 84 28 36 23 11 71 94 54 37 77 58 59 79 66 17 31 94 18 36 88 18 49 74 17 10 99 23 44 19 31 12 13 62 75 38 18 47 65 93 74 88 20 22 42 27 86 38 59 47 57 12 47 92 3 12 2 24 35 17 76 97 52 26 24 24 76 29 97 92 
13 8 94 56 19 16 71 93 70 2 29 52 57 19 99 14 36 59 55 48 33 49 43 29 41 26 57 98 42 4 63 29 60 9 67 6 12 52 34 78 15 73 79 32 75 15 70 24 94 31 82 22 64 7 72 52 87 10 48 67 41 6 37 83 89 94 53 89 97 26 2 85 63 47 75 68 94 35 45 99 4 80 93 45 21 59 14 73 21 41 71 40 9 33 31 86 32 97 43 18 
69 82 4 27 37 84 94 63 94 31 24 91 67 54 65 5 98 93 6 78 19 78 32 48 39 60 5 9 98 48 2 24 16 44 84 91 2 12 44 78 19 38 31 91 33 1 13 83 14 74 36 52 6 15 45 52 87 79 7 64 5 45 63 68 55 24 78 38 36 92 40 65 2 38 74 0 61 2 23 83 13 52 48 97 45 11 56 27 67 30 40 72 56 19 64 97 29 10 2 67 
94 14 64 67 10 98 12 25 87 67 49 64 8 92 37 49 48 58 50 82 93 5 58 93 56 98 42 21 47 11 95 87 8 35 2 17 0 67 30 79 96 41 17 79 66 11 85 19 71 80 82 76 4 8 3 30 31 74 40 33 7 81 51 14 27 80 11 38 27 71 28 18 79 37 53 3 55 35 94 60 51 97 10 30 68 27 36 56 44 43 72 55 39 89 80 71 38 35 51 79 
39 59 26 37 76 61 54 69 32 45 53 0 63 65 60 52 82 35 36 54 40 61 20 99 3 60 47 87 77 58 82 43 12 59 0 73 72 23 87 69 20 2 70 38 0 72 65 77 69 82 73 81 9 20 1 32 13 93 71 33 89 32 35 27 19 80 41 1 58 30 58 14 67 17 72 14 29 70 89 62 82 69 33 1 18 76 39 83 19 71 58 54 33 76 16 19 59 16 30 6 
10 53 5 77 86 13 9 46 98 43 4 54 99 49 89 49 12 54 25 68 29 32 62 70 9 44 27 58 60 41 3 79 45 66 73 53 48 0 79 19 31 44 81 26 66 52 69 73 81 72 21 26 45 55 65 4 33 83 77 48 11 45 12 53 25 72 6 27 53 69 71 99 97 87 66 9 51 96 85 90 60 51 89 89 65 40 93 24 98 77 10 46 31 70 29 31 93 7 88 78 
30 92 93 22 79 21 69 20 84 75 37 28 61 12 66 78 48 98 66 71 71 74 73 68 28 2 81 30 30 39 38 71 70 89 37 0 33 95 75 7 59 39 44 86 45 37 56 41 83 95 86 61 37 54 52 53 47 47 14 2 70 4 14 65 89 0 82 16 0 19 0 1 31 47 79 5 79 44 99 81 85 42 11 45 19 97 33 98 54 24 26 74 20 2 38 41 35 41 66 94 
59 75 35 63 49 11 34 1 11 16 39 23 30 32 83 88 89 79 5 91 80 1 38 15 1 29 39 39 49 84 3 71 6 74 6 40 24 91 21 93 34 0 55 86 90 75 32 93 31 80 32 7 14 30 85 68 75 86 85 54 66 77 70 51 78 56 39 41 92 95 40 45 83 46 32 11 66 96 6 37 6 41 73 50 78 43 97 82 88 67 75 75 51 88 23 81 58 32 67 61 
57 15 6 94 74 65 22 66 85 3 11 36 17 4 98 13 51 24 48 80 60 69 15 45 62 66 9 50 74 44 90 89 44 91 29 52 67 1 49 70 3 53 66 17 16 42 41 12 78 69 40 27 21 53 11 33 85 73 62 53 66 31 48 36 12 79 95 34 35 34 5 7 5 16 14 44 0 32 75 86 93 26 87 94 17 13 76 30 72 90 32 59 51 33 80 39 78 15 85 1 
93 4 85 78 38 13 16 58 72 8 76 68 31 91 61 94 4 75 58 85 29 82 24 44 24 54 64 58 21 55 94 16 2 23 22 15 6 85 56 71 84 76 24 45 49 8 88 47 12 29 4 42 62 55 30 59 62 98 14 40 81 68 76 56 1 63 53 33 14 47 66 38 1 7 98 30 5 6 10 44 23 33 4 60 71 7 93 28 11 2 79 30 62 36 65 65 6 64 79 9 
57 66 69 20 62 68 20 59 46 91 25 22 93 78 80 63 82 45 15 16 74 32 46 23 93 96 86 30 81 34 47 79 95 96 39 85 87 29 76 91 84 57 83 52 52 83 93 64 85 61 42 63 88 57 41 76 1 97 15 15 99 42 32 30 45 68 70 44 73 21 91 79 60 10 53 19 18 70 71 31 31 26 15 48 75 10 86 68 70 70 84 21 11 58 81 78 58 29 43 77 
95 12 60 62 5 8 90 79 78 26 50 24 97 34 22 56 98 89 46 36 85 62 73 92 81 52 47 96 74 77 90 45 73 30 81 40 83 21 8 59 37 35 61 25 26 52 75 50 33 91 21 8 85 3 53 43 50 90 18 12 65 91 66 44 39 43 20 3 51 3 33 31 6 49 82 45 82 4 37 99 1 81 79 67 10 72 45 67 37 10 50 13 96 99 45 45 70 43 51 97 
59 93 82 40 45 16 51 82 97 58 57 43 1 86 60 89 92 96 93 60 38 74 2 76 62 13 85 29 85 94 76 26 58 7 55 70 90 21 81 56 96 66 40 65 77 33 3 76 92 85 93 61 98 48 8 68 84 94 67 47 53 56 76 51 17 13 44 48 22 42 88 17 30 28 40 22 81 84 22 13 97 66 25 50 36 31 98 82 45 12 55 60 48 22 62 24 42 63 89 39 
0 28 55 98 48 29 65 45 18 30 99 51 60 11 24 48 84 83 77 66 57 28 4 4 96 82 84 20 64 53 85 50 64 23 40 29 56 99 49 71 28 63 82 92 24 44 48 47 18 68 49 59 24 82 52 18 61 61 96 39 8 67 13 30 27 40 97 62 61 19 2 79 69 7 29 32 97 5 67 82 27 46 93 93 83 63 57 87 21 84 19 75 92 33 41 67 84 53 23 5 
92 54 98 22 75 82 31 24 43 15 78 62 10 9 19 21 29 73 64 30 2 37 81 69 70 31 57 88 39 8 82 57 11 14 87 59 25 12 11 44 63 44 28 34 80 17 77 55 18 34 73 79 4 42 42 32 82 22 69 30 45 12 6 42 37 29 45 91 76 49 38 91 12 45 19 59 56 62 20 30 71 48 68 40 73 86 69 90 67 84 36 4 61 4 66 41 54 73 70 26 
62 81 76 58 42 19 1 97 74 64 36 39 67 33 53 55 99 20 95 63 57 42 39 58 27 26 35 58 6 8 40 11 65 24 29 92 2 16 19 19 78 15 49 34 46 88 51 76 54 62 29 60 80 73 46 54 28 13 25 56 98 41 57 71 9 31 36 98 31 70 97 37 93 68 86 18 13 65 43 64 16 31 41 85 61 63 9 54 27 73 80 88 34 96 7 65 96 16 75 39 
1 27 15 72 86 77 49 91 98 91 57 19 43 39 11 93 15 90 68 98 96 38 52 61 4 77 99 66 76 96 24 4 77 89 73 48 5 27 36 10 96 84 77 80 74 70 53 1 86 41 14 99 55 80 25 12 34 8 92 17 73 84 0 1 50 31 90 32 7 71 84 19 24 39 6 95 90 4 85 48 18 51 97 13 1 99 54 64 43 57 68 3 57 27 55 65 76 16 71 33 
27 91 36 21 68 32 70 86 49 53 29 63 44 42 79 31 77 27 32 34 76 80 57 84 46 36 76 56 4 58 44 31 81 37 34 77 35 27 43 82 26 61 39 1 96 17 81 57 68 96 55 58 39 9 48 91 32 57 25 55 77 80 53 49 26 24 92 38 66 65 22 54 66 40 75 7 28 24 74 33 4 6 55 35 39 96 45 32 85 33 28 70 35 58 30 47 1 0 60 45 
59 72 23 12 31 67 71 49 62 99 16 9 63 85 31 18 37 9 44 53 91 71 50 97 10 84 94 98 86 8 92 66 44 21 82 4 28 48 90 86 13 22 53 73 1 30 25 50 91 60 21 75 9 81 59 90 31 98 15 78 9 98 8 88 77 36 86 91 73 24 35 67 22 93 51 58 81 35 75 68 24 18 7 97 48 70 26 64 89 56 19 38 7 77 38 59 40 22 12 5 
27 4 79 67 59 24 92 35 79 26 26 95 48 57 91 49 23 42 61 17 1 62 83 71 31 89 8 17 47 1 57 85 65 22 98 83 90 11 80 17 19 97 26 16 76 11 9 11 30 37 70 78 77 69 38 8 74 10 20 55 6 75 66 12 3 88 71 70 43 67 41 88 2 6 59 71 43 22 53 0 9 91 38 30 64 15 2 90 43 49 40 60 51 98 42 5 6 1 48 41 
5 50 85 43 70 76 44 23 17 16 3 40 13 41 13 13 91 81 77 97 54 8 73 41 12 36 40 93 13 64 11 32 60 38 42 83 82 62 38 60 59 72 86 62 5 21 15 61 60 40 88 48 35 64 62 65 49 8 99 43 44 79 86 2 16 21 62 15 71 90 70 96 56 77 55 38 94 64 68 27 26 2 79 7 95 85 53 22 80 77 16 68 95 45 26 35 50 41 50 88 
83 43 33 96 60 9 83 50 30 39 31 58 77 69 78 43 17 44 92 60 87 93 35 48 11 62 62 8 25 52 25 58 9 9 62 59 15 87 23 15 47 8 33 24 62 87 69 64 33 7 96 52 13 87 60 42 75 94 25 85 73 28 1 88 18 72 92 99 30 19 22 64 53 5 74 85 23 54 55 21 16 44 21 94 27 71 43 47 88 73 14 21 50 24 4 46 57 52 62 56 
4 89 75 95 2 24 90 94 31 81 57 39 85 21 91 69 64 73 55 34 93 59 34 65 41 39 51 81 50 29 81 31 2 69 65 52 60 95 53 59 19 28 19 14 4 40 66 26 48 5 25 84 42 48 93 53 26 63 78 9 33 55 29 12 15 43 29 84 71 12 70 79 13 39 69 53 50 96 41 28 35 91 33 48 3 68 99 12 47 95 41 89 91 42 86 78 59 79 23 15 
21 1 54 11 4 38 23 68 10 20 85 36 10 8 43 87 53 44 68 62 38 51 80 54 79 39 4 1 18 94 23 40 44 89 21 66 73 69 80 12 80 42 34 66 16 46 75 36 47 2 79 12 66 63 90 11 37 56 70 7 1 18 24 0 19 0 87 53 67 20 66 13 40 25 60 89 93 78 68 36 53 31 90 94 88 47 20 41 46 38 77 82 75 32 76 38 3 90 40 64 
58 63 19 38 75 29 7 38 42 61 48 35 16 24 87 99 58 99 38 0 69 30 85 34 8 69 81 7 95 83 71 86 14 54 0 64 21 46 86 96 26 97 93 92 91 99 95 8 58 0 64 15 42 7 58 64 25 71 92 35 39 99 42 27 64 97 24 70 20 36 14 79 2 8 68 0 14 46 45 61 0 8 6 23 82 76 64 27 49 68 53 53 95 26 15 57 67 77 25 49 
62 23 75 21 20 28 56 66 98 52 3 16 55 36 91 99 52 47 38 72 60 2 24 37 32 48 59 97 39 60 57 65 46 64 93 80 30 43 31 99 66 32 67 64 19 9 32 95 24 91 90 35 39 99 52 68 61 53 41 98 65 67 61 85 20 81 24 40 71 20 83 86 22 76 46 79 24 1 97 5 83 11 94 47 21 2 6 70 74 58 3 29 16 63 61 57 73 27 64 10 
48 6 90 20 47 31 80 62 91 38 6 23 24 81 63 93 10 67 74 70 8 77 55 89 96 95 73 66 72 91 44 53 24 35 14 33 64 13 13 72 70 58 31 57 87 36 80 16 99 65 28 41 10 28 43 64 6 94 29 40 65 23 65 91 59 86 39 32 77 2 93 58 76 51 31 20 60 12 67 49 78 86 96 59 40 21 81 30 69 74 48 42 77 76 31 37 74 23 71 66 
34 82 71 91 46 20 88 0 4 9 42 20 2 1 57 75 35 74 21 56 73 30 35 49 43 35 50 61 83 90 32 22 64 61 0 68 50 85 32 24 30 59 66 40 12 62 81 81 78 61 89 2 3 5 50 9 43 47 65 55 32 47 64 97 2 55 72 12 83 13 16 92 23 30 35 49 86 38 82 10 93 64 7 47 34 61 73 8 38 27 90 7 93 38 65 94 33 4 79 64 
6 58 12 50 14 19 81 12 91 11 37 70 21 58 5 68 38 73 0 13 63 57 7 55 29 88 16 22 47 21 85 96 70 51 11 12 79 88 4 81 59 50 38 40 45 51 13 60 15 97 18 90 34 84 5 66 72 71 20 33 54 44 89 31 55 76 58 34 6 66 75 67 83 35 28 9 57 50 0 12 30 41 65 84 44 16 72 30 42 44 67 86 70 50 29 53 5 97 54 49 
28 50 3 39 82 99 9 4 34 65 69 68 2 93 31 14 31 1 99 28 92 12 63 77 53 44 75 4 89 95 13 60 88 98 32 56 4 20 99 30 22 67 30 31 84 94 61 5 46 47 52 95 33 29 73 15 81 32 72 45 74 96 7 48 74 4 10 67 26 28 35 94 88 28 25 93 54 94 86 88 82 62 61 27 5 33 45 12 38 84 63 35 53 13 94 97 55 58 21 12 
87 33 77 81 69 17 35 71 22 30 24 4 45 54 63 46 13 74 11 23 50 71 66 84 12 74 85 2 74 18 16 22 51 97 0 83 51 4 44 9 56 55 77 32 86 31 94 22 52 22 94 9 95 28 63 60 37 56 43 96 87 7 89 86 47 26 6 31 65 58 72 34 18 67 70 30 65 98 98 59 46 60 36 6 24 89 79 92 72 81 17 54 62 13 62 47 30 82 9 30 
51 11 42 39 2 84 79 55 59 25 86 14 16 19 63 21 34 21 70 32 87 59 79 57 12 23 36 10 84 36 82 59 98 0 48 0 28 4 68 77 83 17 71 35 9 17 56 6 68 24 32 19 52 76 84 97 96 23 74 66 54 44 81 7 33 51 16 56 74 41 53 8 69 43 74 93 69 81 83 50 10 94 61 86 95 42 42 33 47 0 46 0 15 46 50 33 68 34 83 99 
54 58 69 63 58 1 45 16 64 27 95 53 29 31 24 88 6 40 83 5 80 70 58 87 99 94 84 6 24 7 81 50 4 98 5 99 1 97 44 94 63 47 34 50 31 27 94 6 71 10 88 90 51 18 88 92 70 92 37 2 64 4 17 81 22 27 73 16 30 94 65 0 57 53 26 58 6 14 43 11 1 68 93 8 0 90 9 71 53 24 75 36 0 47 1 27 70 84 65 16 
54 55 2 73 71 5 84 92 86 16 15 64 41 81 54 14 40 35 40 3 35 58 55 65 21 34 75 77 3 29 65 82 92 14 92 67 83 11 8 49 82 62 58 49 58 35 79 45 62 33 0 25 61 78 52 52 58 88 24 10 38 70 40 64 12 98 3 66 43 96 81 29 82 74 51 77 16 29 95 40 75 97 40 64 73 81 64 69 23 1 96 67 54 63 80 59 55 71 7 11 
55 66 13 7 54 14 51 13 7 76 19 12 89 37 22 73 77 49 5 62 40 97 47 7 55 80 23 34 75 93 16 98 86 75 58 63 75 32 79 48 20 6 83 17 34 99 4 27 37 11 45 17 74 32 68 84 77 45 34 62 7 56 5 46 0 29 65 23 4 22 60 95 70 32 11 18 50 89 50 59 79 48 38 58 40 26 52 39 17 59 56 94 28 20 28 36 85 81 30 48 
73 2 57 61 34 50 75 15 83 17 62 93 57 19 24 54 95 99 32 42 98 76 95 87 60 41 67 35 62 0 5 45 31 94 37 75 14 1 2 54 99 89 11 8 55 67 33 13 38 7 37 81 72 29 1 36 38 11 11 36 77 37 30 55 33 49 99 21 80 47 73 84 1 47 68 76 83 86 79 50 85 99 42 39 88 71 15 14 38 50 19 22 73 59 92 33 15 50 16 78 
24 62 56 32 10 94 10 26 15 51 96 86 92 25 18 21 53 32 97 65 21 15 85 2 83 48 4 37 93 83 96 78 36 68 35 60 85 34 85 78 82 49 6 84 32 70 40 90 35 30 27 8 18 24 75 40 41 3 30 99 56 63 83 14 34 7 86 76 2 3 9 8 81 58 14 49 16 15 89 67 3 59 73 36 78 99 22 23 6 72 54 97 11 70 92 2 30 33 32 25 
46 37 65 82 3 29 47 24 4 74 81 28 48 69 18 16 91 54 30 31 99 15 79 40 3 20 41 14 30 52 55 63 47 4 46 95 64 66 55 94 1 61 68 8 90 87 35 21 59 75 75 34 67 80 95 86 27 89 48 12 36 15 85 17 48 36 9 57 44 57 0 51 54 86 6 0 46 89 52 66 65 44 65 93 22 91 12 31 87 25 6 19 79 58 43 87 66 65 16 76 
52 70 39 62 59 95 86 51 58 71 13 8 66 11 15 59 68 60 59 11 31 5 75 77 16 65 33 51 3 23 31 18 23 22 8 31 53 31 69 2 1 73 82 75 33 87 74 6 74 79 52 37 88 35 51 90 34 36 14 90 98 7 24 64 54 11 3 75 18 70 87 84 40 19 46 70 82 88 62 34 31 21 27 57 97 60 65 15 13 87 63 63 75 79 65 97 71 22 68 82 
17 51 44 18 5 85 43 38 38 89 3 64 32 76 7 32 6 21 90 4 61 50 81 32 31 32 64 82 28 83 66 12 55 84 8 15 83 91 63 62 40 4 89 80 59 17 33 94 80 88 30 96 51 37 50 37 77 63 63 14 73 11 86 67 18 40 87 12 95 9 51 3 4 40 15 49 26 65 34 82 90 3 61 56 14 44 42 55 1 94 11 39 49 64 32 26 65 91 92 1 
83 27 70 56 58 10 14 68 73 54 92 9 88 0 63 40 43 83 47 74 4 19 55 33 59 56 96 71 73 74 4 33 93 14 74 66 7 16 22 56 34 74 7 30 3 53 84 90 92 15 76 53 65 61 21 93 6 46 22 26 92 91 39 81 57 20 97 8 2 35 43 54 7 56 69 38 78 29 7 45 47 14 60 93 4 43 27 7 15 77 73 25 52 43 85 44 5 46 96 7 
39 3 53 29 51 19 16 4 29 27 57 99 16 74 80 69 26 87 70 86 8 7 35 69 97 66 97 11 31 9 83 91 91 28 63 6 51 61 45 1 89 17 90 69 73 33 76 62 5 12 78 67 5 75 46 77 10 25 69 61 55 40 86 59 9 79 55 1 22 97 36 49 65 30 2 94 52 49 67 28 72 6 51 9 80 5 94 98 23 18 63 31 23 86 57 24 58 90 11 49 
40 91 89 3 45 30 88 43 49 60 67 98 56 21 24 65 11 69 25 95 12 11 12 49 13 45 95 1 76 31 88 15 10 23 92 27 25 49 86 35 18 88 2 40 7 73 71 6 97 19 34 34 66 98 52 98 96 28 25 15 85 68 42 50 62 53 48 63 18 15 30 87 81 68 57 67 84 14 66 33 67 27 72 59 80 77 54 55 37 94 55 29 49 67 0 67 27 93 54 84 
11 56 29 34 17 52 32 99 56 24 22 34 47 9 76 19 34 7 28 19 63 89 49 84 42 95 92 33 22 3 54 49 1 1 91 5 67 8 83 91 69 52 19 56 55 33 66 38 16 15 52 10 30 4 87 92 18 12 52 5 33 23 48 48 34 40 31 84 66 52 18 12 85 44 44 36 7 83 22 79 91 27 39 14 23 79 36 72 44 17 17 34 71 46 56 17 32 66 99 82 
14 84 0 69 8 13 19 33 10 24 35 47 38 2 77 33 16 74 22 53 61 4 91 57 8 10 49 29 95 72 13 96 67 52 42 75 52 4 98 68 68 2 91 85 14 28 17 27 88 57 83 34 60 36 85 74 13 72 21 36 1 44 30 85 82 52 12 86 47 91 46 48 45 50 24 50 50 29 53 49 68 21 80 92 37 69 45 4 13 69 14 25 40 40 42 30 38 96 66 29 
29 88 91 74 70 45 55 98 62 93 43 11 22 32 60 74 4 31 53 92 68 87 61 93 48 78 13 2 48 81 44 8 48 65 68 70 62 13 92 64 38 72 52 12 41 43 93 5 18 46 94 41 95 96 82 11 3 48 38 30 14 81 5 1 34 0 47 47 37 68 99 88 47 54 80 9 41 91 97 48 46 3 24 76 41 47 12 24 31 1 23 1 38 57 98 57 27 96 2 77 
8 1 87 87 36 92 99 49 39 26 81 8 1 92 67 12 82 39 44 83 99 52 2 24 48 18 23 67 9 92 42 26 46 51 25 17 98 0 13 41 74 46 69 29 69 66 18 94 19 90 55 81 88 55 20 35 30 86 32 65 10 26 47 75 51 12 1 37 99 95 97 44 86 33 77 30 56 14 42 18 51 63 75 54 25 57 21 89 70 3 65 87 5 69 1 71 51 87 55 88 
89 94 68 47 4 53 37 4 42 86 8 3 38 6 20 5 78 74 16 71 16 56 81 82 79 53 55 12 39 32 47 46 28 75 38 62 87 17 0 86 13 68 49 66 32 15 64 51 96 18 27 52 70 48 62 70 95 14 99 90 30 19 56 61 18 88 63 20 91 20 39 81 11 10 44 74 50 2 93 79 5 37 72 97 38 1 38 78 29 52 91 54 73 64 52 28 9 75 95 81 
64 40 82 4 80 30 68 56 3 27 53 86 11 7 76 58 15 82 94 74 33 0 60 76 7 39 85 45 61 82 61 31 19 72 73 12 46 7 68 27 96 66 38 7 62 73 63 14 58 43 70 36 72 20 38 19 68 60 28 85 44 52 22 71 92 56 44 1 47 88 93 32 27 11 65 87 53 77 0 65 22 84 57 45 57 77 60 3 20 60 9 95 44 29 10 68 17 52 78 6 
98 87 31 34 59 71 69 9 88 28 17 40 19 53 68 92 40 99 64 6 56 53 3 96 88 85 93 44 24 64 17 72 92 51 38 90 81 0 8 98 51 35 52 87 25 82 0 75 22 83 56 30 63 72 80 51 81 28 43 7 0 48 15 82 0 20 6 48 11 39 20 22 39 0 78 13 45 51 71 30 46 19 17 67 21 30 90 29 74 30 99 30 65 44 53 97 38 74 30 11 
28 41 38 84 23 33 3 15 10 56 17 38 0 69 59 66 75 21 70 73 63 95 39 37 32 5 26 80 34 53 12 8 72 44 74 33 87 36 39 16 49 42 32 19 85 56 97 66 96 91 80 0 56 63 77 79 40 65 20 40 61 65 18 90 80 98 96 88 64 79 1 61 80 67 59 64 44 71 57 68 16 66 31 34 70 34 30 96 26 77 37 56 70 50 20 34 47 73 27 78 
93 65 11 54 21 45 93 42 69 72 57 24 96 56 21 74 36 44 17 22 20 10 2 49 22 81 60 7 65 19 41 39 58 93 19 54 84 62 51 92 93 78 26 45 59 52 0 25 95 93 64 11 80 10 91 15 91 28 85 98 86 35 64 78 59 65 86 77 7 96 5 67 63 77 60 4 21 26 73 34 33 82 61 7 94 11 0 21 27 28 6 91 27 69 77 79 69 80 40 1 
92 69 42 18 35 57 27 24 94 69 96 54 16 41 5 83 8 91 81 12 30 18 76 21 63 17 16 67 11 2 76 55 66 19 76 78 45 34 59 58 87 19 81 12 84 36 96 66 0 84 33 3 70 64 83 21 31 27 64 74 14 95 32 98 54 33 97 51 74 28 31 46 0 31 23 77 59 61 2 74 73 65 81 19 37 36 83 74 30 59 31 35 89 55 42 7 7 14 26 12 
13 87 52 87 27 5 40 25 7 14 95 80 96 30 33 91 27 97 71 25 20 57 75 99 56 10 47 89 5 16 95 82 99 59 66 1 62 30 34 3 71 22 18 86 92 55 53 24 14 46 9 9 57 49 9 17 15 21 59 2 57 38 28 52 78 28 21 5 24 36 94 3 72 44 49 48 85 64 53 66 20 49 31 19 90 43 33 50 11 46 89 66 66 32 33 55 80 6 4 67 
25 8 63 55 45 6 2 46 91 1 4 36 44 33 74 34 98 95 66 66 31 78 55 59 60 94 37 66 73 38 69 82 42 10 71 64 98 67 61 50 91 54 60 27 95 26 10 64 86 46 14 40 43 42 43 10 67 8 89 30 40 70 6 67 46 59 32 9 24 15 84 23 88 95 95 6 28 92 82 2 56 18 67 20 92 24 74 45 8 2 25 39 73 44 44 34 33 17 84 40 
21 74 26 51 87 48 38 18 75 55 4 70 70 49 6 95 1 18 76 12 30 57 97 84 80 70 47 77 32 62 45 53 4 32 46 10 47 13 0 42 48 7 22 16 52 25 27 97 38 6 9 83 77 67 13 37 78 90 47 59 62 88 59 13 26 77 45 34 60 79 87 3 36 72 57 71 20 16 18 30 84 46 40 85 54 41 0 8 25 11 83 90 7 41 20 96 93 93 87 12 
78 80 81 64 6 42 97 32 56 72 47 68 62 21 39 70 28 40 39 14 32 36 60 43 12 43 43 17 84 33 76 95 50 65 59 98 39 38 34 79 0 27 73 2 40 82 40 19 60 6 98 46 12 75 22 13 48 40 27 96 55 47 19 52 83 35 13 81 53 14 95 87 54 64 73 22 67 79 88 64 72 61 61 69 99 63 17 53 15 19 61 99 79 84 26 50 13 4 23 32 
22 23 46 20 52 47 11 60 34 63 58 28 14 79 36 90 96 36 93 38 10 20 85 28 67 61 75 39 5 38 21 12 22 54 53 35 85 24 39 57 77 14 0 96 65 50 14 55 92 62 2 37 56 31 26 59 47 24 83 63 54 48 94 52 79 21 89 76 74 23 92 97 80 12 64 39 34 9 77 84 14 77 67 73 69 24 66 13 56 55 70 59 12 30 15 29 63 10 25 14 
34 24 60 99 0 69 72 54 88 75 23 39 6 13 13 63 97 51 67 13 9 29 55 83 95 27 8 22 22 3 7 10 77 87 53 92 44 65 78 60 23 54 37 21 20 2 4 79 81 12 86 60 66 93 0 54 48 33 21 88 78 82 81 79 39 20 68 79 93 77 10 38 32 61 91 73 89 76 36 16 24 27 95 94 32 89 63 9 10 59 50 23 37 94 33 66 89 51 21 73 
41 47 66 56 98 96 76 76 88 64 45 95 22 60 86 94 58 28 13 79 46 93 14 30 82 51 45 35 86 52 80 22 94 16 45 37 5 75 5 57 37 96 2 27 36 64 71 17 4 82 82 53 87 43 19 18 38 33 41 9 22 16 68 85 4 93 82 34 61 62 11 10 69 65 48 81 17 97 49 22 42 59 42 43 53 65 55 74 44 16 83 0 46 77 27 95 29 16 18 18 
3 6 8 75 95 68 27 48 82 45 73 14 25 99 32 16 64 64 67 87 48 12 66 49 5 93 19 91 11 59 61 22 30 33 68 65 3 60 55 45 5 98 79 69 48 6 65 32 65 58 18 92 78 93 53 48 39 98 25 85 70 24 91 33 34 88 85 64 62 68 48 80 60 38 95 70 84 16 21 76 31 52 94 62 43 35 49 84 17 14 12 67 64 49 55 64 40 67 66 67 
79 82 25 80 47 23 97 41 52 33 84 56 30 63 65 8 22 46 58 66 2 7 38 63 39 69 38 18 27 47 42 7 14 25 44 69 56 31 16 16 48 25 6 35 95 25 20 87 48 62 87 94 86 95 41 9 78 19 65 88 75 82 30 59 0 52 99 60 13 17 38 96 80 61 11 2 81 88 3 27 91 24 18 91 22 9 82 14 78 65 58 26 89 82 34 72 84 17 51 53 
33 56 65 31 69 71 58 73 8 82 10 63 6 66 61 73 25 65 77 30 82 74 77 71 4 69 9 1 54 7 67 44 97 38 22 41 78 20 44 47 61 57 25 4 86 25 37 77 3 59 26 44 10 10 56 24 48 49 33 11 82 38 17 47 76 66 84 54 51 9 1 52 47 7 83 1 9 70 98 35 60 70 81 88 26 69 61 40 46 9 0 70 13 98 7 73 6 96 85 69 
41 32 65 9 70 46 41 11 58 0 36 30 97 97 81 36 75 47 62 0 81 85 27 25 6 67 10 52 83 64 71 62 47 51 8 58 31 33 7 65 97 14 79 75 5 13 55 65 8 41 1 8 1 29 50 25 98 61 74 40 64 54 79 18 45 61 5 98 89 12 77 4 38 46 54 69 9 79 15 30 62 77 18 23 47 76 89 97 36 97 47 51 36 67 1 25 24 21 33 54 
0 75 99 4 98 23 30 73 56 3 61 89 12 12 31 97 53 76 56 74 80 85 13 86 80 53 77 46 51 25 44 37 80 30 8 20 13 77 43 35 26 77 45 10 46 42 86 75 54 60 74 63 34 6 27 76 70 77 71 22 70 96 86 52 42 1 94 13 21 35 33 26 23 74 70 2 32 88 73 89 7 45 28 45 47 37 14 70 44 20 30 96 37 26 15 31 93 92 95 50 
80 27 8 78 16 48 66 49 83 8 10 62 98 93 86 76 14 88 66 47 34 12 91 21 53 35 86 89 66 59 8 40 57 44 15 12 68 4 75 70 54 56 26 43 78 49 68 15 71 37 51 69 30 98 74 56 97 79 97 2 55 39 12 98 61 10 3 72 35 63 62 30 45 54 48 35 55 41 82 66 3 22 33 60 58 75 23 71 94 46 42 7 23 50 9 81 14 54 25 61 
38 28 47 68 73 88 10 35 34 82 19 75 73 21 83 37 66 50 30 3 42 89 90 60 51 61 53 20 18 94 66 4 20 46 33 93 24 77 46 63 50 62 64 55 17 37 75 4 28 82 78 2 60 90 9 76 89 57 49 84 85 55 21 85 93 23 45 24 5 73 61 62 95 90 13 1 55 42 19 20 54 49 0 92 1 34 6 92 76 68 93 21 6 57 17 79 57 70 60 22 
93 23 63 64 94 91 90 42 84 8 28 74 76 38 84 0 71 5 26 8 84 44 97 14 13 89 85 14 45 55 76 87 50 13 96 99 30 4 31 53 43 2 49 9 56 57 38 31 49 20 46 7 10 83 93 24 22 1 94 15 17 89 9 90 75 22 76 76 47 16 63 80 85 30 72 90 84 26 54 96 95 89 84 1 80 31 68 82 22 79 80 94 91 38 97 48 21 66 86 6 
54 33 68 75 73 23 83 44 11 17 79 12 14 62 56 91 85 15 27 33 52 5 51 54 85 77 62 80 11 89 79 82 86 74 8 36 15 82 43 84 18 82 15 39 21 82 20 37 2 15 30 20 88 65 82 88 74 71 82 19 85 36 47 95 71 7 4 60 31 5 12 86 11 89 12 8 8 60 34 54 13 23 89 36 94 70 91 47 67 58 51 32 23 85 50 87 2 84 60 94 
86 57 90 9 60 22 43 28 15 74 60 15 21 47 68 9 3 4 24 8 58 99 54 96 54 77 84 26 65 5 3 83 23 2 45 42 97 49 4 78 91 67 28 51 95 79 54 42 35 10 2 35 13 34 26 30 85 56 48 74 7 86 43 22 31 1 80 28 13 19 2 79 32 11 75 15 94 59 17 12 44 70 49 51 88 87 89 91 96 95 80 44 37 23 78 5 72 16 4 36 
60 26 75 94 8 82 36 54 42 43 15 70 72 91 56 68 65 31 85 79 52 0 18 79 93 64 61 4 92 9 61 93 22 87 37 92 5 84 21 69 23 35 93 9 34 53 21 28 58 84 75 33 92 45 71 8 6 73 28 0 47 2 67 80 8 63 29 48 86 89 72 88 18 55 14 60 59 28 6 88 7 20 43 66 0 64 50 22 36 58 2 77 35 89 70 37 89 96 75 47 
24 1 38 26 34 40 32 96 17 60 16 3 46 21 89 65 73 63 41 31 40 16 97 62 70 60 57 63 65 84 18 81 69 56 35 92 71 8 13 32 26 54 23 46 9 57 0 59 86 77 26 39 65 21 7 24 39 37 54 78 29 34 60 13 87 90 83 17 30 92 50 89 50 16 35 88 84 11 18 83 55 74 62 71 55 99 17 2 79 11 19 28 71 1 15 16 18 68 5 90 
34 9 51 95 28 15 95 83 25 15 5 46 81 85 37 47 87 56 63 13 1 66 81 82 42 31 20 37 17 24 95 22 35 89 16 85 44 92 53 79 14 84 6 32 2 80 83 74 24 50 0 44 29 58 40 67 19 43 35 29 12 91 47 86 50 82 57 36 94 13 91 49 58 16 89 64 9 86 28 17 62 51 74 28 0 3 99 33 44 9 36 19 47 98 62 74 22 83 13 63 
55 80 66 57 98 90 73 7 63 3 7 99 94 81 11 33 24 53 31 20 84 49 18 76 43 75 76 5 19 4 5 59 46 27 33 86 65 34 68 32 10 59 25 33 3 43 96 38 64 24 77 97 68 67 67 76 30 52 92 88 78 4 9 87 95 20 22 49 83 92 64 52 69 83 54 90 69 89 29 60 53 32 83 16 55 15 49 66 55 24 88 54 22 97 89 20 47 58 59 13 
44 57 74 86 8 1 38 31 33 19 34 26 41 57 97 24 97 93 57 70 71 15 74 28 43 38 57 6 20 68 82 3 97 71 66 63 36 74 57 76 65 17 19 69 19 48 37 93 6 18 30 54 44 84 99 21 21 71 16 60 49 52 57 35 53 91 92 83 76 58 94 32 64 83 11 96 59 15 25 49 95 88 34 87 53 25 15 74 5 16 56 47 7 33 24 48 84 57 55 53 
29 46 71 0 19 29 59 20 78 71 87 78 31 84 83 16 55 93 74 14 66 49 15 66 52 43 61 39 27 26 16 21 5 60 6 35 20 55 31 97 67 25 13 88 46 3 79 58 81 44 3 94 5 23 90 26 47 38 46 95 41 0 87 80 62 90 27 54 82 37 47 54 66 87 3 80 69 23 44 76 79 66 28 22 84 40 60 10 41 46 29 28 86 1 32 58 68 54 64 28 
13 40 83 63 60 31 59 41 51 6 50 68 5 47 11 33 97 89 27 7 84 55 60 76 79 63 3 58 1 74 48 18 54 70 30 65 8 32 16 56 44 94 63 75 96 40 89 52 60 3 45 80 15 25 96 61 35 4 72 61 87 69 14 11 36 56 37 80 50 61 81 93 25 49 62 80 63 27 29 58 87 32 19 2 43 77 60 67 94 59 94 51 61 91 67 84 55 7 4 32 
71 92 63 15 65 78 14 3 99 61 41 60 88 78 77 17 58 97 50 71 93 44 82 19 4 19 15 73 32 77 51 83 33 28 78 43 32 69 40 10 6 59 31 17 99 19 99 76 31 74 28 0 63 54 0 65 7 7 70 65 86 8 18 76 79 37 6 84 22 30 80 34 66 35 80 18 82 89 85 8 38 61 95 80 64 39 64 98 74 34 12 13 61 55 28 89 58 23 66 7 
24 48 29 90 71 2 4 7 35 98 86 76 8 40 23 88 16 94 78 66 53 48 92 20 98 21 99 42 36 86 16 36 57 29 33 28 91 41 23 51 10 44 43 25 40 97 20 94 68 99 65 56 37 93 31 51 32 60 93 33 20 26 46 86 34 25 58 4 76 99 57 42 21 70 80 66 82 47 62 58 31 78 2 65 65 50 85 94 59 7 95 59 31 75 53 97 62 2 25 55 
54 51 65 98 14 4 77 56 95 5 60 0 10 12 85 28 18 61 82 24 71 46 13 98 31 98 68 30 77 81 38 85 59 75 44 56 28 18 66 59 14 85 35 59 4 87 30 22 59 35 86 45 21 45 70 66 98 57 93 41 75 58 93 9 45 46 91 83 28 40 30 10 87 66 71 35 9 48 73 67 24 48 60 82 56 52 80 87 88 81 98 73 85 85 66 48 3 72 39 97 
45 42 11 86 10 28 92 85 13 51 69 18 97 9 77 87 53 31 5 92 63 35 93 63 90 59 56 29 10 61 95 10 99 12 63 38 52 47 90 21 1 1 28 75 75 20 41 63 47 30 30 17 69 41 20 67 74 58 16 25 81 17 98 59 10 90 99 27 96 99 28 82 52 84 76 12 97 91 96 11 38 9 95 11 62 61 28 67 14 80 50 76 44 80 59 72 23 29 82 48 
39 28 3 29 74 74 98 74 47 24 54 18 86 17 87 58 40 85 0 74 13 67 18 65 7 18 27 96 13 63 98 78 84 6 87 13 68 85 25 16 90 89 63 29 12 44 20 17 49 71 90 50 3 49 64 52 23 3 50 40 48 45 81 96 15 41 16 11 65 23 47 0 64 21 74 16 67 68 56 25 13 10 88 16 81 65 83 34 55 35 48 35 93 44 92 55 28 5 34 90 
89 35 6 26 24 56 76 2 27 47 12 21 30 54 87 83 34 74 65 51 43 83 12 70 39 6 71 19 64 71 16 75 61 20 27 39 31 57 61 7 65 87 24 54 82 90 51 56 46 18 8 82 8 77 36 24 38 65 50 87 74 5 80 78 27 96 26 54 63 62 89 41 16 78 15 79 92 8 12 94 30 84 73 48 81 51 46 70 75 67 77 72 54 13 40 6 66 90 3 29 
39 66 59 65 8 26 31 29 97 91 5 14 25 12 67 9 70 35 11 32 57 10 55 89 45 61 53 87 11 50 10 61 24 65 5 38 66 18 30 72 8 23 4 23 99 22 92 0 96 27 99 29 88 5 73 95 34 83 43 43 32 4 22 88 61 24 97 6 73 57 97 19 17 88 51 86 16 50 26 61 26 53 81 69 1 12 7 89 85 13 1 15 52 96 64 58 38 37 8 5 
77 29 0 55 96 35 23 95 33 48 74 45 68 43 35 54 90 75 21 76 39 81 61 74 64 18 84 23 87 29 50 64 18 1 95 7 58 10 4 61 1 48 92 40 79 56 3 37 46 54 27 4 51 86 53 42 46 47 14 42 53 28 35 3 33 89 58 40 30 94 77 21 4 71 56 77 58 83 2 1 14 21 28 56 85 56 14 35 80 5 6 83 23 95 78 61 53 93 48 29 
48 68 32 2 15 11 30 93 49 18 48 48 44 68 14 61 85 19 52 94 38 33 0 55 33 48 68 6 71 61 14 87 97 6 91 57 5 85 93 35 9 84 64 42 7 99 23 54 40 71 42 15 55 88 19 6 28 48 93 64 74 89 92 2 68 21 83 93 39 22 14 88 36 1 40 68 72 70 52 76 81 4 30 53 91 4 76 27 63 84 45 80 42 58 2 37 1 22 40 79 
43 0 17 11 81 93 70 2 65 85 12 10 21 10 98 53 70 71 71 47 6 7 88 93 87 26 84 60 13 16 25 3 39 17 10 5 29 80 51 79 48 29 41 45 15 13 99 14 80 23 20 37 38 72 85 65 14 6 65 84 31 10 48 12 11 11 53 46 86 15 51 87 37 4 57 12 95 37 53 33 66 78 94 42 82 65 6 16 54 23 94 57 63 46 43 78 33 12 93 13 
95 80 38 44 46 59 1 16 9 70 20 57 4 71 86 45 74 69 89 23 71 19 3 70 58 27 23 98 47 27 99 63 84 96 88 20 85 63 65 1 46 1 27 95 96 81 73 75 63 36 75 54 18 52 80 24 47 57 68 56 52 12 59 91 54 44 8 79 90 94 65 18 41 16 39 79 40 10 85 32 71 45 76 32 82 60 29 91 70 72 26 64 77 6 45 70 88 6 11 74 
59 86 65 96 74 0 25 28 95 5 70 87 37 14 39 6 39 65 77 82 79 8 16 52 45 99 85 75 42 64 81 48 50 18 84 34 2 74 55 22 50 58 70 56 42 90 82 83 98 6 38 85 39 33 96 15 76 62 27 91 57 28 70 39 86 50 95 5 96 53 1 67 20 85 71 61 80 18 91 60 26 2 10 97 89 79 56 99 46 79 34 78 12 48 66 0 16 61 26 24 
68 84 9 20 13 78 51 31 54 8 23 56 87 87 78 50 18 78 93 44 0 18 95 67 35 98 28 53 51 45 53 48 47 53 25 68 37 13 72 69 12 73 74 84 5 48 82 87 88 62 3 16 5 0 82 66 99 56 17 34 27 9 8 5 32 71 66 85 25 51 51 85 19 21 3 12 1 49 13 25 45 95 89 96 26 55 55 57 51 65 65 74 81 45 78 66 75 85 84 35 
36 62 23 63 78 61 48 99 54 74 49 88 9 38 57 67 53 64 25 57 55 65 8 62 39 93 33 39 68 41 71 43 63 39 10 96 6 99 43 94 9 19 56 39 11 85 13 26 8 96 26 65 15 96 50 10 92 9 31 46 16 14 51 89 20 87 22 16 97 44 25 4 33 1 83 82 95 66 2 36 7 25 76 15 16 66 62 85 57 98 49 40 2 84 87 44 21 92 20 26 
25 33 74 94 94 78 70 98 49 3 4 11 24 85 12 51 21 43 26 15 80 78 86 60 87 23 13 1 42 60 52 11 78 37 66 19 84 31 72 39 9 90 71 91 65 50 26 90 71 67 20 50 36 54 92 40 10 8 95 47 81 41 54 54 46 91 84 92 92 20 35 32 84 50 54 41 98 50 97 56 81 6 93 63 93 11 37 96 55 9 38 59 72 5 13 52 75 33 46 48 
33 54 21 10 66 6 46 49 13 91 23 80 51 96 0 21 16 47 46 17 50 35 53 68 70 66 3 40 48 98 74 81 87 91 15 48 53 12 71 26 68 67 86 3 21 70 99 77 96 80 27 63 36 54 50 99 64 26 86 27 98 50 93 8 59 73 85 63 27 91 61 77 14 17 59 36 12 94 80 46 53 8 12 69 64 7 43 68 1 32 7 97 32 56 63 71 48 86 22 74 
11 27 48 25 28 97 98 0 87 34 9 30 68 13 49 80 98 92 17 46 89 80 2 5 2 14 83 70 86 40 4 14 74 40 68 23 85 11 15 22 22 20 48 57 52 21 41 11 11 47 60 94 33 86 90 52 8 55 87 24 94 86 57 19 63 46 92 78 53 15 37 71 38 50 1 12 41 82 45 87 58 2 96 67 99 74 45 41 27 8 45 50 91 28 98 0 2 29 97 23 
93 77 50 55 34 18 42 3 35 87 1 71 67 27 16 74 14 24 93 85 46 67 30 84 57 49 95 10 95 5 95 46 31 49 88 57 86 18 77 29 27 80 73 4 83 53 22 50 99 96 47 35 98 93 54 53 0 87 40 72 23 54 34 26 53 99 76 33 83 45 20 15 9 53 9 98 25 7 76 88 72 30 39 88 26 78 28 9 25 25 37 87 13 25 65 36 39 43 21 48 
91 23 17 72 27 14 44 72 57 55 83 35 76 19 57 43 86 83 38 29 59 59 17 62 1 28 10 67 32 14 21 6 89 43 21 73 95 19 0 54 23 92 83 32 51 1 36 10 46 62 34 13 31 74 61 46 4 41 27 72 0 90 90 87 98 31 83 14 52 76 51 46 80 78 52 75 98 65 5 2 83 72 73 16 92 96 69 59 49 42 77 94 11 36 98 73 20 74 33 78 
98 37 58 21 91 73 33 19 80 16 8 77 20 38 15 87 26 74 97 96 40 73 56 98 90 65 99 95 34 60 93 9 66 7 68 98 37 69 79 9 21 40 77 31 93 79 88 97 9 68 85 93 30 8 0 8 24 71 33 51 65 46 96 8 43 4 83 31 37 90 6 12 6 7 96 67 82 46 91 43 46 55 92 27 10 57 44 39 65 64 30 49 11 46 10 99 50 65 89 16 
27 61 38 89 82 68 37 66 76 29 26 77 4 29 67 18 56 23 29 59 22 3 73 71 23 49 3 97 33 39 27 26 51 68 99 55 89 22 55 44 79 75 63 10 43 63 10 53 17 77 32 2 65 96 25 38 22 3 14 7 2 24 57 73 34 0 16 87 0 87 31 28 37 36 79 7 52 82 41 33 24 61 98 49 1 66 75 49 14 61 89 93 93 6 59 8 11 78 55 81 
