42 26 61 50 76 28 17 95 50 93 32 98 17 74 78 47 19 87 99 37 46 1 38 6 36 11 65 24 26 20 50 92 11 19 29 19 67 98 59 22 81 15 42 27 80 52 91 94 45 46 89 17 42 73 46 58 93 21 94 88 40 12 38 33 59 98 39 15 23 61 55 94 54 22 53 72 46 63 92 14 30 15 24 71 75 23 29 18 83 99 19 41 20 36 27 7 71 71 78 93 
71 94 59 9 67 33 27 62 22 7 6 92 55 78 73 91 92 29 78 10 23 21 0 30 14 10 92 75 54 2 59 50 83 78 29 51 55 16 53 33 61 48 97 64 27 39 21 78 21 70 19 17 56 79 49 12 83 80 51 20 49 99 10 21 7 21 90 1 71 55 35 60 94 87 29 29 46 15 73 72 66 53 78 80 54 85 30 15 94 28 50 19 86 54 47 51 72 67 73 27 
37 18 64 60 65 50 2 71 12 4 56 52 44 24 88 94 85 27 62 10 31 33 10 35 32 76 74 56 81 25 12 20 0 85 86 89 26 2 23 4 18 23 17 7 51 22 49 48 78 13 51 73 87 75 87 93 4 19 78 95 54 1 9 64 37 56 31 77 46 4 65 94 47 68 19 32 57 55 1 54 20 99 19 58 32 62 8 41 56 88 69 0 84 37 69 1 50 43 52 31 
32 82 40 1 51 88 15 96 48 95 83 79 64 89 79 86 85 6 35 14 67 8 41 45 46 67 36 92 6 10 53 61 8 30 28 74 39 9 45 43 19 14 72 19 57 71 94 92 3 15 66 41 9 45 11 75 56 1 54 28 30 1 89 56 75 70 81 20 82 45 65 56 78 48 17 55 3 14 82 82 96 29 70 41 87 21 10 45 11 5 6 87 44 77 74 39 8 96 50 36 
12 55 87 91 42 33 67 63 74 68 13 36 79 56 87 23 96 3 64 48 86 49 77 37 99 12 2 47 99 95 61 78 58 46 42 17 42 6 9 74 67 34 12 43 80 69 25 54 60 6 11 23 65 68 56 7 71 0 26 19 16 23 72 57 7 80 48 70 87 97 66 45 73 97 55 63 8 2 27 91 67 64 12 76 81 94 1 49 33 47 46 72 36 0 80 42 11 28 75 29 
27 43 65 52 44 19 70 99 14 96 42 50 98 92 47 91 40 95 4 34 20 43 21 61 86 45 16 60 14 46 48 83 96 41 67 1 65 50 77 60 26 52 54 34 28 54 20 93 65 99 99 31 60 26 93 51 99 12 54 28 25 6 42 59 2 21 40 19 75 85 7 97 21 36 19 8 30 62 47 46 17 6 52 59 78 50 24 10 90 84 96 22 43 96 55 58 99 81 52 56 
14 36 53 99 50 86 93 23 67 44 3 53 10 44 1 35 56 86 31 17 83 46 51 5 33 84 37 56 85 47 75 89 46 62 23 33 77 97 36 24 67 44 81 63 63 41 20 26 45 18 82 57 82 76 99 33 18 22 25 0 40 17 84 17 68 77 13 4 79 36 11 10 18 90 94 28 40 25 49 97 82 82 33 21 68 59 20 87 50 78 7 51 14 82 24 29 99 36 71 56 
75 33 19 42 5 22 7 38 90 88 6 32 5 58 92 10 68 39 2 71 45 36 59 36 77 2 11 72 24 83 64 12 97 19 96 35 3 65 75 0 64 23 6 38 13 82 86 31 51 97 96 44 44 60 45 60 40 0 29 51 22 6 50 28 22 54 50 95 89 25 1 52 31 52 0 16 63 66 32 65 67 43 95 91 50 31 12 70 92 2 34 61 65 45 67 78 4 66 21 19 
93 91 12 43 69 33 13 57 41 42 30 99 10 55 27 24 95 79 29 51 0 95 13 55 53 21 44 31 46 15 56 93 13 36 85 64 68 20 69 42 66 54 0 63 20 7 88 5 40 18 84 94 76 67 96 77 51 4 28 42 21 93 5 65 73 42 52 75 64 3 64 42 79 99 86 26 43 77 14 93 72 38 21 36 44 75 81 90 82 47 21 29 87 24 18 34 23 83 33 18 
67 32 97 86 86 19 11 98 45 35 72 2 39 21 32 85 41 1 65 55 98 19 9 92 43 64 51 61 13 74 63 35 3 29 69 62 18 39 24 63 29 23 72 37 22 90 32 52 78 98 88 19 48 2 33 0 37 69 30 30 82 82 36 78 7 9 21 77 71 4 25 12 16 80 56 93 24 52 22 30 48 50 21 55 71 30 53 1 58 96 82 80 3 25 26 40 28 24 90 67 
2 68 2 10 65 74 37 55 45 33 90 46 85 42 42 58 39 17 81 10 73 95 6 75 3 98 66 89 89 22 91 89 26 5 59 65 52 9 30 34 82 4 76 37 39 52 29 81 17 29 85 56 31 20 67 72 10 17 39 96 62 51 71 27 23 38 24 88 30 21 89 63 57 89 40 82 70 98 99 4 96 44 16 38 54 21 73 51 45 10 83 77 27 59 45 52 65 2 8 67 
93 78 36 1 25 88 30 66 12 90 35 26 32 24 47 65 12 84 96 47 22 57 20 54 45 90 70 29 25 19 44 95 51 44 65 29 59 57 77 13 83 42 63 72 6 80 70 48 20 23 79 53 20 18 60 56 19 24 34 78 95 24 52 76 92 87 33 55 73 64 2 22 42 97 74 93 97 40 65 80 3 20 4 88 76 1 33 86 34 5 65 74 1 1 4 85 47 3 11 38 
66 57 45 1 62 98 27 94 9 44 64 89 32 90 85 93 92 66 88 54 80 41 27 89 97 82 55 71 56 57 30 67 70 41 98 64 58 23 23 74 42 84 50 10 55 45 79 36 59 21 60 76 68 9 51 48 62 51 55 57 75 43 29 21 10 26 72 64 58 79 62 18 93 0 97 87 65 97 38 36 37 55 39 13 11 47 75 67 73 72 98 8 37 90 50 33 41 45 69 32 
3 38 15 73 17 48 95 42 33 89 57 9 75 74 67 97 71 65 37 53 32 25 37 64 17 59 3 62 76 79 71 2 8 40 24 8 99 32 21 60 43 0 66 92 20 32 5 99 23 97 14 71 73 6 76 0 7 40 68 25 25 54 51 50 37 57 99 83 17 41 38 80 87 3 63 13 44 31 69 68 83 85 17 8 24 28 6 5 4 27 31 62 94 52 1 61 30 93 53 13 
14 41 68 72 42 7 49 59 84 93 27 55 15 95 96 77 36 81 37 38 87 43 79 36 15 63 32 27 40 16 70 75 91 85 77 48 87 84 64 3 3 16 66 57 28 33 1 82 29 10 67 0 80 75 99 3 14 97 42 11 62 63 38 32 78 74 58 65 54 6 16 49 25 86 28 9 6 98 89 82 11 40 45 66 84 49 20 8 49 13 81 85 4 32 13 73 34 90 19 19 
16 14 48 84 71 2 7 20 79 58 16 62 23 78 7 17 9 84 70 87 3 51 54 63 55 24 86 77 79 67 24 41 56 74 78 56 88 44 16 74 57 77 46 61 32 47 45 8 82 32 85 0 89 98 85 67 42 4 22 49 62 15 57 12 7 23 88 6 20 76 23 26 59 19 75 47 34 85 66 4 4 45 64 97 78 28 50 53 77 70 53 49 57 0 85 79 39 98 99 30 
35 78 47 77 18 84 2 42 85 47 67 77 89 7 48 53 6 28 12 94 13 84 15 60 39 33 33 35 42 97 34 79 2 46 30 62 9 0 0 92 38 0 32 34 28 70 46 66 69 34 57 29 17 76 11 26 1 74 41 75 79 54 23 98 12 88 62 62 20 27 9 1 5 34 61 96 26 14 68 92 92 31 51 43 29 40 87 81 77 35 73 8 91 0 28 86 22 0 60 96 
83 93 5 98 28 80 10 54 61 88 98 45 94 53 19 92 74 35 85 10 50 40 77 78 1 31 15 72 47 54 20 93 11 26 36 35 77 22 55 9 27 70 54 94 56 49 37 71 51 21 54 32 41 29 88 72 37 78 22 36 99 10 62 84 59 83 49 19 47 60 55 0 32 41 22 34 52 19 32 21 4 90 78 81 93 62 60 50 80 3 85 17 18 41 25 46 91 54 34 50 
35 74 95 76 86 46 96 82 20 76 21 85 21 30 13 21 46 75 3 14 81 33 18 11 37 1 2 95 56 29 77 22 23 60 39 24 19 27 2 49 60 18 41 84 7 65 82 69 68 24 42 5 8 28 32 44 87 96 37 86 41 30 39 44 29 67 79 73 3 94 37 33 94 23 78 10 37 83 47 5 56 45 92 74 5 12 74 21 24 44 62 16 82 47 15 59 97 53 19 27 
88 53 68 90 48 17 73 30 36 36 2 92 65 27 55 75 29 78 65 49 1 83 29 88 92 62 3 61 98 63 86 93 68 82 33 37 70 14 21 52 7 80 84 55 83 0 17 72 11 48 25 17 29 63 42 15 62 97 73 34 64 90 29 92 51 84 6 10 34 4 40 57 62 63 28 77 23 17 51 38 0 11 81 44 52 50 24 17 60 3 62 91 23 8 48 79 19 99 28 4 
18 29 92 69 25 5 8 63 60 79 53 17 82 87 59 4 6 95 88 49 34 96 78 0 32 43 95 55 70 62 15 40 85 12 2 83 1 55 66 76 30 64 67 60 95 33 25 61 88 62 30 47 9 92 1 16 74 33 78 92 43 79 47 25 0 93 42 36 37 27 15 1 66 74 93 28 87 31 80 36 26 31 2 84 57 39 43 56 29 32 21 1 91 49 11 96 50 92 72 72 
25 71 39 18 27 52 50 52 44 35 28 77 70 98 72 76 56 17 87 59 1 47 71 38 45 8 97 76 55 49 7 10 70 97 22 94 33 26 11 77 72 27 77 19 74 75 31 42 68 38 90 90 63 29 61 96 13 56 95 14 28 48 44 74 19 19 20 53 1 75 36 14 19 57 35 23 77 90 88 15 64 82 8 0 42 80 43 79 79 26 2 82 7 25 40 97 68 48 24 44 
74 93 69 20 75 40 85 40 87 19 7 94 92 25 1 70 63 19 89 94 12 12 50 43 66 96 64 55 86 59 32 11 24 55 10 59 46 23 8 11 37 86 4 92 81 75 65 0 45 78 22 58 19 47 6 18 33 97 11 91 24 62 38 14 19 85 42 98 79 52 92 36 54 99 15 25 70 45 67 49 4 73 24 26 20 60 76 50 35 41 92 62 78 0 78 7 20 23 39 49 
35 74 93 70 63 83 27 52 8 37 76 34 80 36 89 99 16 77 66 8 56 58 6 63 84 77 26 37 50 57 91 30 17 97 3 93 78 8 18 5 57 61 65 62 46 80 6 81 50 59 89 51 12 98 6 31 63 1 21 6 62 28 7 66 77 65 85 79 81 96 14 57 91 87 43 98 65 67 75 15 10 67 25 96 16 87 96 73 42 8 38 75 98 86 54 56 39 54 4 53 
12 49 64 88 93 21 89 29 66 42 23 90 97 92 89 15 35 71 68 75 62 70 94 91 36 36 82 74 80 4 64 2 73 89 3 85 28 97 86 68 35 65 92 97 22 89 71 39 37 8 34 94 42 23 37 62 76 63 61 32 47 24 1 67 26 46 21 77 3 21 85 51 22 13 80 5 41 16 93 56 51 76 89 28 10 68 23 90 17 65 48 51 5 16 59 51 99 74 56 32 
70 24 39 5 7 76 4 21 23 60 16 80 63 66 55 49 10 39 39 61 14 28 87 95 24 53 82 8 74 72 69 93 94 74 76 14 60 64 68 62 79 77 68 44 92 17 66 4 27 69 47 87 26 14 74 31 58 40 49 54 37 20 76 8 14 3 56 19 83 63 92 47 1 51 17 43 83 87 79 14 92 91 41 41 62 73 25 36 71 75 81 62 27 13 77 70 86 43 74 20 
72 15 55 77 57 70 30 95 42 47 73 38 81 67 22 46 68 99 75 25 1 31 30 60 49 69 24 43 74 90 36 72 49 39 18 52 60 82 49 4 72 49 10 45 15 95 58 91 16 6 49 91 70 5 88 35 70 79 24 30 23 40 8 88 0 71 65 19 37 71 80 39 34 97 40 79 93 70 20 16 68 53 55 65 74 32 14 64 82 24 71 80 84 57 99 8 72 30 64 94 
57 53 36 56 55 43 0 19 23 19 86 20 54 52 21 84 23 75 6 47 41 26 11 44 26 65 53 23 6 18 3 39 66 8 33 98 51 56 46 90 30 36 66 28 29 27 63 64 3 0 98 10 64 62 8 83 23 24 82 85 37 50 58 84 26 52 54 37 70 50 86 23 44 48 9 51 10 18 48 88 13 34 91 36 94 56 84 97 1 95 69 39 97 26 24 37 9 62 89 3 
57 90 84 23 12 43 31 62 76 85 34 84 30 41 25 63 39 49 10 29 92 32 35 17 78 95 82 47 94 48 28 10 79 24 55 33 55 81 56 57 31 64 59 22 41 13 11 56 32 27 45 59 75 61 0 42 69 51 0 33 9 24 32 70 36 85 0 42 43 82 39 19 11 11 52 75 14 78 27 34 36 31 34 45 38 68 60 95 49 75 98 60 26 96 33 48 21 47 75 73 
51 70 9 92 13 63 92 94 57 28 55 77 75 46 41 84 17 43 75 16 63 95 52 28 29 6 62 67 21 76 56 63 40 29 62 78 92 6 17 1 63 87 48 87 2 75 86 79 92 36 45 99 49 88 21 16 47 29 93 76 20 79 35 52 76 47 98 98 36 73 77 92 63 43 94 90 28 1 72 8 20 69 69 31 73 12 18 73 52 36 96 11 95 47 27 87 73 76 57 71 
58 85 81 72 38 89 85 34 29 26 57 23 37 25 88 54 31 44 79 90 94 1 16 3 85 26 1 25 91 33 75 98 33 4 89 21 74 43 48 96 10 65 19 85 57 88 42 5 9 41 56 68 71 27 33 69 90 35 77 61 97 0 95 46 65 80 13 22 77 58 49 71 66 50 55 58 38 74 11 39 61 74 21 11 22 82 95 20 38 50 63 0 39 26 66 65 51 11 21 4 
59 23 22 85 57 60 48 85 83 63 6 41 99 66 2 98 0 70 90 57 54 59 19 53 77 92 68 67 18 43 96 30 10 20 4 79 71 93 4 10 9 3 13 14 61 55 10 85 36 91 5 72 89 30 57 69 48 44 21 21 86 71 47 45 0 67 2 59 25 92 10 27 6 6 86 23 49 60 78 65 70 45 33 44 24 51 44 76 34 28 81 19 72 39 30 60 77 46 94 85 
26 53 77 93 49 84 82 55 62 17 58 74 22 64 70 13 30 90 33 73 30 55 39 8 18 75 61 0 99 39 26 41 83 53 34 47 83 13 61 55 89 10 90 87 25 12 80 76 79 31 64 64 5 0 56 29 67 19 68 93 36 61 83 70 59 14 65 67 6 6 86 91 85 39 97 21 54 54 98 21 67 74 97 67 77 9 32 13 48 63 38 74 39 24 50 68 50 45 37 1 
21 33 91 90 94 52 25 31 29 84 62 91 87 68 75 67 41 53 35 81 91 47 77 23 65 72 16 28 80 2 8 10 12 71 10 32 28 81 72 50 51 64 14 55 58 43 68 95 70 40 1 45 19 27 7 58 53 17 76 62 98 26 52 58 8 61 52 95 24 74 23 82 95 20 31 37 28 12 90 16 79 42 5 40 85 7 73 68 87 35 56 41 19 67 98 84 16 5 57 73 
13 91 82 6 85 46 61 87 10 72 14 45 0 99 25 58 31 75 74 88 59 2 58 26 47 67 26 37 20 77 5 22 56 12 72 43 54 32 88 48 39 33 0 96 37 79 7 52 35 0 92 56 78 58 16 4 87 8 40 68 49 44 43 55 39 98 39 16 45 36 63 14 15 57 91 94 79 87 68 94 97 0 33 20 59 43 35 16 34 92 27 42 78 77 93 75 48 55 77 61 
82 81 79 74 67 51 85 2 53 89 96 51 15 8 18 1 31 29 22 61 80 70 61 90 59 10 41 75 27 45 39 20 34 54 28 39 82 6 0 96 68 54 46 76 15 41 59 27 0 57 59 0 46 42 68 25 56 42 44 39 46 6 61 75 80 45 6 14 44 64 73 54 10 46 11 17 49 29 52 1 21 25 24 45 10 19 65 63 46 73 66 42 75 96 99 46 8 5 81 58 
66 80 28 61 77 34 56 9 31 90 13 64 19 7 2 35 51 35 84 59 12 35 34 49 42 85 60 66 22 18 21 20 86 26 77 48 13 12 79 80 39 83 45 35 40 69 81 66 38 1 44 46 23 56 54 83 69 95 77 71 71 72 65 43 43 90 79 13 36 46 80 83 45 56 69 3 98 77 85 92 5 81 55 95 86 68 92 25 78 97 98 4 10 79 54 92 62 72 88 0 
12 95 1 58 11 0 97 67 96 65 42 54 11 15 39 19 89 63 57 10 12 7 91 85 44 92 36 23 37 60 38 26 21 54 48 72 67 29 89 32 71 99 79 23 45 68 13 37 32 5 93 35 48 61 12 40 20 89 91 47 19 54 54 79 13 53 3 14 68 98 61 46 81 74 65 57 89 10 41 10 60 51 79 84 21 43 37 35 66 51 71 69 56 3 76 90 90 47 44 99 
99 51 80 92 90 54 4 68 89 66 75 37 60 27 65 32 95 49 25 42 50 90 63 84 57 73 67 64 99 96 56 96 34 76 36 66 40 66 0 33 85 12 54 63 0 22 37 48 30 63 93 10 89 19 92 9 25 77 77 80 93 88 94 37 84 13 35 69 53 72 65 48 43 69 39 68 25 29 84 19 79 81 9 94 78 80 54 87 25 80 8 23 7 15 84 37 14 51 74 9 
96 67 74 0 61 7 6 7 58 66 66 94 25 15 25 55 21 83 77 83 51 60 13 53 53 97 84 40 22 24 64 70 46 40 80 34 27 80 87 13 67 91 11 12 45 94 85 97 35 34 97 57 89 79 36 5 55 54 27 15 63 53 75 7 57 17 67 17 95 90 2 21 33 55 18 2 41 60 12 63 15 43 17 52 59 11 36 83 82 6 77 86 25 75 93 16 67 87 23 78 
43 55 87 12 11 77 57 84 15 74 23 70 33 81 42 76 67 86 31 40 81 5 6 32 21 36 91 70 52 38 8 32 83 42 33 33 37 75 98 65 95 77 18 77 41 88 53 22 55 43 51 96 8 68 53 94 26 6 97 81 3 26 81 20 13 35 85 81 28 0 82 49 3 27 49 81 36 0 92 78 22 38 85 46 36 77 96 67 76 63 23 32 20 40 8 74 35 61 39 56 
39 0 21 94 89 62 56 22 57 52 75 88 65 79 41 63 76 81 13 72 72 9 69 51 51 94 23 49 40 6 15 29 42 23 62 81 1 73 99 47 57 82 92 82 39 85 79 91 57 29 85 53 69 86 54 72 53 10 31 21 49 29 13 49 85 17 23 17 9 27 89 8 99 90 29 55 96 30 78 45 45 32 68 77 91 92 19 1 97 2 72 32 77 10 24 71 61 26 58 95 
51 14 27 34 91 42 11 53 16 98 39 85 94 69 13 37 87 38 20 86 95 56 89 71 68 9 25 24 41 30 24 42 22 1 65 29 53 3 2 48 40 91 83 12 27 86 50 48 99 48 5 84 7 19 64 93 94 2 12 79 74 5 81 64 47 40 7 64 18 5 66 74 71 26 12 66 53 58 37 83 70 66 6 23 70 71 11 4 88 82 1 77 54 96 92 97 13 63 12 92 
61 44 71 80 38 71 22 26 51 28 7 41 61 16 38 6 0 23 19 68 13 55 96 6 87 41 91 3 0 86 94 36 3 17 56 13 35 6 91 13 17 70 28 75 6 6 43 45 55 57 44 78 89 46 16 21 25 17 80 95 16 73 47 93 74 50 94 38 80 64 17 90 92 59 72 96 24 56 11 89 41 16 9 14 69 92 39 22 26 97 64 15 34 72 24 35 88 5 65 86 
25 55 53 94 90 99 10 41 67 38 19 66 73 76 48 11 64 47 59 14 32 51 55 95 17 79 97 41 33 40 81 35 8 45 71 32 78 62 23 38 16 41 30 8 48 45 55 66 82 17 25 13 95 85 29 55 94 39 21 95 7 81 26 93 39 76 95 89 25 20 24 66 78 99 98 86 36 31 3 30 92 52 4 38 9 2 69 74 51 10 10 27 56 50 87 25 14 10 5 25 
53 74 95 70 54 97 57 80 87 75 28 12 25 22 18 50 52 69 61 56 6 69 58 34 71 5 22 19 95 54 28 67 57 58 56 13 42 36 0 47 33 15 6 47 37 74 41 53 40 56 59 26 3 9 82 95 85 33 89 86 4 67 86 92 13 41 33 52 0 30 35 15 45 88 80 24 49 43 2 54 3 30 88 4 80 36 54 88 77 22 53 63 24 23 13 75 6 56 48 30 
16 81 26 51 75 67 67 27 76 43 13 37 51 55 75 29 39 8 62 37 71 92 45 9 36 77 2 41 67 1 34 88 36 67 89 31 19 18 52 91 58 5 42 59 71 95 54 2 76 28 49 39 36 27 35 9 11 69 60 13 72 73 23 50 38 86 59 41 54 11 52 13 36 9 41 52 96 50 55 10 13 83 44 98 86 79 29 70 85 51 21 96 10 69 83 35 25 49 61 3 
95 44 94 48 40 47 85 87 32 80 52 2 36 11 63 25 79 64 36 57 87 59 99 30 12 52 86 52 98 16 35 17 10 87 5 37 64 99 68 77 70 49 83 13 92 31 10 36 19 98 0 26 7 81 99 66 86 81 75 0 16 99 77 52 72 35 80 83 32 25 0 73 7 81 92 72 22 11 5 93 21 61 5 24 67 81 41 24 25 50 27 36 35 22 71 23 3 51 20 11 
91 98 49 72 21 5 93 31 61 31 24 61 9 34 35 88 47 43 37 6 24 86 59 39 72 93 48 52 2 1 61 68 85 44 33 6 3 11 69 33 41 27 94 15 87 95 9 77 54 68 15 13 31 13 52 82 37 36 34 60 42 12 11 63 90 68 27 50 17 56 39 43 54 79 64 33 8 89 88 12 92 66 22 60 66 19 97 92 72 55 99 53 49 12 78 92 39 27 18 20 
76 65 92 52 21 15 34 39 95 61 32 32 61 71 95 29 98 96 85 22 45 74 8 39 54 93 41 74 27 91 23 6 71 92 56 41 57 52 28 94 88 85 37 74 86 93 90 48 74 64 7 16 83 61 72 34 34 15 50 90 46 14 70 37 34 59 23 81 6 80 50 34 4 71 39 58 54 94 47 86 15 11 96 5 78 37 61 92 11 34 23 39 81 30 79 52 14 17 28 37 
5 12 63 70 38 58 73 99 17 16 62 15 92 21 52 50 50 68 61 12 56 42 81 50 43 25 21 92 34 53 4 92 21 9 12 19 62 85 81 69 51 53 14 18 49 14 79 62 12 39 45 32 42 60 83 38 44 34 54 48 30 53 92 23 83 41 66 72 29 58 5 30 29 80 72 16 14 75 80 50 71 83 41 29 31 74 59 12 85 36 20 74 14 64 30 34 77 70 42 62 
65 48 90 67 51 52 57 40 20 18 69 41 99 82 61 22 54 41 3 68 97 65 52 6 15 70 98 80 57 98 15 93 81 23 56 91 79 43 74 59 50 93 56 56 61 66 5 71 59 78 20 29 40 68 66 18 0 19 10 78 34 51 12 12 26 87 18 36 35 8 54 52 64 46 58 7 48 82 92 10 39 71 78 40 34 73 65 23 86 91 84 99 81 64 44 7 34 72 1 58 
74 51 8 68 63 59 27 93 16 58 95 45 61 2 53 4 96 60 7 43 32 98 6 8 33 56 76 39 76 14 30 74 5 24 67 2 66 42 18 6 45 37 6 92 5 22 20 50 1 21 34 42 74 20 34 25 22 65 96 76 40 9 67 56 38 95 88 52 97 73 57 64 16 81 5 40 0 10 61 61 90 68 43 88 96 65 60 61 37 74 8 93 59 90 76 99 76 17 7 23 
29 31 6 72 32 65 88 16 80 84 58 78 93 58 82 91 27 46 82 84 65 83 3 7 40 19 27 59 80 88 20 65 45 87 62 29 94 13 42 94 28 87 32 68 8 33 22 38 70 1 66 55 86 8 95 9 72 25 90 46 80 57 70 66 5 87 61 53 97 65 73 79 37 31 39 20 23 14 85 51 77 39 82 22 44 45 46 96 53 5 7 94 59 21 23 86 49 2 38 24 
97 45 35 61 13 96 70 82 89 42 77 31 9 1 36 60 8 11 41 72 61 49 56 63 33 94 65 27 30 4 39 79 78 22 9 96 3 54 91 89 18 35 63 49 73 57 69 98 45 32 20 84 52 19 81 2 79 37 1 68 75 33 2 10 53 50 90 16 4 85 64 38 18 67 91 18 85 45 28 27 47 53 70 16 24 5 4 50 68 31 23 59 25 25 12 0 65 98 32 27 
87 93 26 80 58 88 61 61 78 36 95 24 3 2 73 30 91 65 76 40 0 99 6 88 30 17 17 90 46 87 37 12 36 54 49 60 32 0 28 71 91 97 20 93 28 56 87 59 41 22 88 60 36 52 52 57 57 75 5 79 29 47 95 57 79 5 41 41 3 85 34 51 76 30 28 25 35 5 33 78 40 96 65 53 31 48 43 35 11 36 32 88 5 64 15 91 57 84 13 16 
20 45 37 10 98 70 7 8 62 23 47 69 70 74 39 24 1 26 16 73 46 97 57 64 26 0 28 13 89 96 15 33 65 59 54 64 32 13 21 48 43 0 17 88 22 46 74 32 26 78 63 52 93 24 9 44 77 5 85 3 71 42 29 63 49 59 85 4 30 59 98 10 41 42 86 64 97 27 73 94 47 72 60 71 28 83 56 88 97 73 53 11 44 24 76 35 9 57 81 94 
92 72 41 17 13 68 19 69 73 37 10 18 63 32 2 28 72 0 98 15 26 18 89 59 59 76 48 4 76 81 20 8 27 12 87 50 10 50 97 46 13 24 59 35 7 58 43 67 56 41 43 65 97 67 2 79 16 28 4 11 78 75 56 87 22 11 8 12 44 3 53 79 50 5 65 1 66 38 49 37 24 96 30 71 1 96 53 44 24 82 41 59 35 99 6 22 46 93 84 97 
60 65 14 98 34 58 11 97 28 36 77 62 64 63 40 93 62 97 93 33 34 1 28 73 32 61 2 71 5 19 59 25 24 51 19 64 24 0 15 27 41 4 71 5 77 65 85 7 64 78 20 32 14 13 31 69 48 54 28 2 93 47 16 38 35 61 95 88 56 76 63 50 46 7 58 3 7 94 53 19 84 63 60 2 72 14 58 18 88 48 91 24 74 34 9 1 18 76 91 48 
47 28 17 19 46 59 56 3 76 74 96 60 97 24 51 77 97 32 87 84 18 0 16 85 58 5 60 40 95 90 43 68 92 1 67 42 41 57 31 58 86 25 73 44 36 49 54 33 88 59 29 56 36 15 16 8 39 46 30 35 13 52 71 41 27 40 14 17 24 46 40 60 48 71 10 52 64 75 84 54 90 87 31 46 98 79 20 90 17 79 10 90 16 90 83 39 37 84 21 39 
82 20 23 8 86 32 5 15 37 20 11 58 26 8 14 53 90 94 83 34 2 91 38 36 77 13 70 37 49 72 62 50 31 57 75 78 37 60 91 57 43 21 17 80 28 10 66 6 26 79 40 53 56 33 44 57 59 47 49 20 71 14 75 59 16 16 78 51 80 39 71 28 95 27 80 90 76 85 78 21 13 65 82 30 79 91 69 30 26 1 21 11 20 45 5 25 8 5 66 51 
72 90 87 65 68 4 89 65 27 18 80 37 88 70 22 94 85 80 21 59 67 0 67 43 59 5 96 69 75 11 92 73 83 91 45 67 66 2 95 92 48 31 34 54 50 93 56 77 32 84 76 31 65 15 66 55 60 62 0 66 14 12 32 86 95 28 63 84 86 83 61 95 19 9 77 25 55 46 68 18 59 51 18 31 32 1 41 28 43 84 0 85 11 27 10 69 0 79 19 28 
54 61 42 44 1 37 45 66 28 25 94 34 79 93 62 30 9 64 39 82 73 7 22 49 89 92 41 7 68 26 65 68 93 99 75 45 25 98 78 44 47 42 57 44 50 90 29 93 31 55 25 44 57 95 56 7 57 95 58 92 81 79 27 28 16 5 21 78 75 7 88 20 27 25 2 13 14 54 43 7 94 78 19 15 16 16 63 99 57 4 82 23 35 84 27 91 69 75 57 0 
44 50 86 45 1 50 57 76 19 29 64 81 91 49 25 6 80 66 43 88 60 3 51 73 32 84 63 30 23 17 50 6 99 2 25 28 7 9 6 10 24 24 56 87 72 36 2 98 91 77 31 59 94 93 57 89 90 87 97 76 47 55 50 2 92 47 57 69 4 75 17 98 69 81 18 48 88 87 96 82 73 10 65 91 20 52 14 60 36 68 98 50 0 61 63 61 79 60 38 87 
16 6 45 1 38 74 20 81 44 66 69 91 89 59 51 53 57 81 52 13 79 1 69 64 6 27 47 37 69 87 28 66 60 39 68 51 92 9 0 93 82 21 42 93 83 86 2 36 54 61 24 53 66 25 88 85 49 89 11 54 9 71 54 75 47 31 12 51 38 92 35 17 29 48 51 3 11 81 98 89 53 50 71 87 93 44 29 9 10 35 22 80 28 20 17 78 53 16 26 18 
60 25 4 72 81 23 19 37 5 38 90 88 60 30 46 0 36 63 73 18 28 34 62 17 97 43 86 90 47 48 77 3 55 82 89 71 27 43 60 93 46 80 64 28 74 91 32 84 12 84 4 85 7 4 69 16 0 46 98 56 24 94 23 3 30 61 40 85 82 82 0 68 90 62 10 97 56 79 23 70 84 8 10 45 76 10 1 31 33 66 96 44 76 5 34 86 5 32 14 39 
90 98 92 5 67 74 89 8 61 49 73 63 29 3 78 51 62 73 31 54 37 43 91 41 24 79 8 95 8 62 3 85 92 65 72 18 95 3 97 65 41 9 84 42 65 70 70 82 81 87 26 91 63 46 98 31 15 99 22 78 52 83 99 30 87 41 64 31 61 1 34 92 73 15 81 96 22 71 48 44 86 2 1 47 7 45 66 51 25 29 79 60 20 59 2 7 39 28 75 73 
70 88 67 7 64 39 39 84 12 40 77 61 84 13 91 77 10 42 19 65 90 45 66 73 13 54 11 39 69 84 2 47 1 12 38 85 14 33 56 75 85 71 61 86 79 32 21 2 59 35 45 92 11 79 54 88 38 64 31 71 32 76 62 67 10 93 21 92 55 69 82 45 11 94 71 63 72 18 64 89 50 26 39 77 15 7 5 18 51 17 2 43 4 56 88 82 37 11 61 80 
12 31 54 41 97 4 49 87 22 85 49 8 60 78 31 19 23 89 97 82 84 42 68 46 30 60 39 19 95 14 74 35 68 87 60 55 32 24 41 51 17 56 27 71 8 54 87 11 17 33 30 73 82 61 41 68 76 36 54 43 11 51 43 54 40 85 44 85 51 52 60 2 9 7 96 35 94 20 12 1 44 64 90 27 0 3 72 50 77 84 28 29 21 64 58 36 34 25 34 0 
62 75 26 9 75 26 82 24 94 3 10 64 9 20 16 51 70 25 46 92 22 52 10 23 10 67 77 62 56 56 45 47 90 85 59 4 90 53 23 73 29 63 24 60 14 90 99 61 41 13 87 85 1 4 68 81 69 34 93 79 2 4 14 12 2 70 82 2 87 9 80 91 98 60 68 15 86 15 52 78 32 61 19 10 25 84 90 32 70 11 38 17 34 19 61 19 10 18 92 47 
28 32 68 61 82 54 56 34 17 45 39 70 47 51 74 38 42 89 48 12 66 4 44 64 38 59 62 37 70 85 18 8 39 39 21 4 32 1 9 92 60 50 80 37 99 9 48 98 21 61 37 96 16 55 82 5 66 2 45 74 87 55 25 9 72 35 93 20 52 26 79 78 26 80 10 57 11 82 76 78 29 93 70 37 60 35 93 44 92 7 57 77 72 81 52 29 74 66 58 12 
18 15 94 43 59 5 23 17 19 89 31 85 94 94 84 58 51 83 53 40 58 81 99 2 49 77 6 9 85 2 41 56 91 25 13 29 59 72 61 43 4 16 21 55 5 86 60 60 48 37 42 82 63 50 92 47 91 96 62 45 9 89 57 42 2 9 70 64 95 45 21 67 57 42 22 46 45 79 41 78 95 0 76 77 36 85 77 14 9 87 65 56 46 93 5 59 31 85 63 73 
22 40 55 30 82 51 17 39 94 92 54 29 8 72 75 62 68 74 13 79 63 28 67 86 53 92 36 10 39 7 65 0 97 85 66 48 27 55 24 77 61 28 42 33 52 89 58 60 75 21 15 63 26 1 84 4 22 16 59 32 25 89 47 16 67 92 44 40 53 34 61 18 77 9 6 49 70 51 54 20 37 46 14 89 77 16 8 2 63 8 31 12 5 49 91 82 76 21 31 3 
63 0 53 86 74 70 66 14 47 91 91 14 63 17 99 26 76 19 62 95 90 28 97 0 72 34 39 13 64 48 92 40 74 62 28 58 76 63 58 3 82 3 1 5 56 18 74 78 32 53 7 24 42 52 24 28 61 91 13 86 96 33 7 96 12 30 14 70 4 52 41 65 15 20 83 46 45 50 67 60 24 94 43 84 84 4 95 65 56 2 27 1 67 84 47 87 83 13 78 13 
37 21 29 91 70 2 79 16 57 27 21 93 48 81 6 32 79 24 49 23 82 10 73 13 34 90 34 72 39 52 57 3 52 66 84 78 12 14 27 16 44 46 70 72 77 56 64 79 51 36 79 85 9 59 45 34 47 21 10 16 6 85 55 50 52 71 59 66 84 14 40 37 54 56 32 34 61 26 24 26 48 8 93 44 92 93 69 38 52 67 36 58 26 86 84 15 69 28 90 98 
74 28 30 64 32 51 12 55 30 96 68 1 19 97 91 31 52 20 15 50 57 98 96 78 83 25 88 57 31 50 68 94 51 15 49 37 49 41 2 50 92 32 38 87 3 37 88 87 99 48 49 25 28 32 22 66 71 4 83 18 91 31 71 48 58 62 84 51 37 88 13 79 30 7 87 93 4 13 89 92 16 49 76 36 99 71 69 80 0 62 52 34 0 80 29 61 19 63 24 30 
56 34 43 39 8 89 35 14 51 26 19 1 31 32 71 54 26 65 79 24 89 62 52 34 2 22 59 40 34 5 30 52 63 70 42 38 34 78 37 7 71 58 20 6 85 31 80 33 95 13 46 7 35 74 7 2 70 63 65 34 16 40 63 18 10 36 83 19 29 7 54 19 48 43 20 81 29 51 17 53 56 31 51 45 13 97 13 45 71 61 35 34 24 23 26 23 39 55 54 71 
88 74 83 19 31 91 5 63 27 29 99 24 16 47 94 29 43 95 97 28 1 55 12 66 91 72 86 17 92 65 99 22 23 45 54 3 31 36 9 75 52 31 14 71 80 9 26 55 58 64 65 42 49 96 93 70 32 39 82 8 36 21 49 39 87 14 3 86 84 53 90 2 59 59 54 48 15 45 25 65 64 68 51 0 34 90 27 24 71 38 23 93 68 91 54 62 79 79 4 13 
91 6 22 79 76 44 11 67 45 31 81 68 19 35 96 37 4 88 15 77 12 86 21 32 78 96 16 44 7 99 32 47 10 3 33 76 80 85 48 96 26 95 7 87 55 58 44 50 31 58 80 92 4 63 92 32 89 66 92 41 96 1 30 13 32 68 73 41 58 80 66 89 11 45 3 12 15 31 74 91 20 84 65 30 70 17 20 1 10 86 90 48 77 11 15 90 6 13 77 59 
42 24 69 1 7 5 21 79 55 11 4 35 34 62 29 70 51 61 60 33 19 56 73 38 62 20 71 51 10 90 0 26 9 81 29 34 90 48 68 97 43 91 84 15 66 76 21 90 61 5 69 78 19 89 59 90 39 52 17 91 19 75 15 73 45 75 22 21 93 64 33 82 56 25 39 54 3 22 77 78 26 59 75 12 42 15 78 21 45 63 47 27 66 88 50 45 53 34 27 13 
11 55 33 53 17 3 61 1 61 13 49 31 54 33 10 68 81 80 23 26 23 73 87 71 13 65 89 57 74 18 93 90 36 43 93 11 62 43 46 59 48 43 13 85 27 1 6 37 91 10 34 6 66 70 2 22 86 27 95 98 98 83 72 22 53 30 36 91 4 3 25 93 5 89 28 15 39 37 34 64 88 51 70 1 73 6 56 37 37 40 57 32 60 53 20 67 9 66 33 6 
66 66 68 54 63 44 7 6 97 15 36 57 49 93 17 26 92 2 89 99 44 57 16 30 4 16 61 41 12 53 39 39 84 83 77 88 50 82 55 49 86 38 18 43 13 46 5 2 15 72 73 13 53 43 98 36 55 61 91 53 31 38 67 19 38 4 29 24 23 29 85 77 69 46 29 7 80 33 23 28 11 33 15 74 64 12 15 72 48 74 73 67 65 89 13 10 89 12 36 92 
33 23 8 61 18 39 84 60 46 94 11 5 27 2 32 3 75 30 69 27 27 9 76 70 6 50 61 87 4 55 9 72 56 86 83 82 86 53 37 3 36 49 65 12 23 57 4 12 48 76 10 72 53 48 36 10 74 85 15 31 68 13 70 3 1 57 21 60 3 24 10 60 65 2 28 34 4 48 83 68 3 10 80 76 93 77 29 88 86 6 98 97 4 98 69 82 71 19 55 90 
79 84 60 46 14 41 1 95 17 17 60 28 54 79 37 58 95 10 30 68 85 73 19 14 52 22 31 97 26 10 37 73 34 97 51 65 58 66 73 62 22 10 25 43 47 41 57 4 52 65 21 98 44 30 10 85 60 30 84 91 26 81 75 84 63 63 15 50 33 29 46 8 92 70 8 85 53 39 42 78 67 53 84 21 94 33 51 87 57 64 55 0 24 64 56 8 78 79 52 21 
67 94 48 48 9 73 38 20 41 97 11 17 88 54 40 1 31 26 46 71 14 65 14 17 67 43 30 0 31 71 1 53 89 14 93 35 4 59 19 34 69 55 31 65 76 48 45 95 43 30 82 94 47 74 95 58 32 14 91 25 91 36 35 83 50 15 43 32 78 4 87 71 64 37 31 5 70 11 22 19 51 19 37 92 21 97 71 62 54 25 24 55 65 35 34 3 34 46 20 40 
53 44 17 36 7 80 87 30 50 19 5 8 98 78 5 0 39 8 18 30 33 73 37 69 77 58 10 27 82 4 94 70 88 19 87 89 80 2 63 71 12 16 24 23 92 12 67 67 53 9 48 13 61 32 49 51 60 31 15 98 33 32 21 7 60 33 75 77 22 8 42 37 29 74 80 51 2 8 58 80 96 38 76 60 95 99 74 62 25 45 68 46 19 21 83 7 83 54 34 9 
37 83 29 40 84 1 13 1 91 97 68 68 71 30 56 39 50 51 74 38 96 55 95 92 69 85 10 1 91 18 15 84 54 93 17 67 5 69 99 72 83 33 67 98 66 52 6 77 38 42 34 19 6 51 18 15 70 11 52 30 92 25 76 91 32 88 44 14 1 83 13 57 66 47 21 47 78 38 87 90 64 50 90 19 69 52 38 84 74 42 79 5 37 76 43 9 91 66 42 51 
23 45 4 36 21 87 40 31 50 55 58 24 95 29 30 29 8 46 50 58 94 32 84 47 58 1 13 7 12 9 29 51 0 92 93 12 92 48 92 41 66 99 53 4 27 53 65 11 92 49 28 22 32 88 74 83 63 66 50 81 6 11 39 1 38 25 30 17 45 80 31 74 26 34 70 93 85 73 24 1 35 81 74 83 95 30 15 50 9 65 58 14 41 86 30 22 27 79 7 5 
50 42 63 69 7 24 47 1 52 29 92 81 96 90 33 42 76 26 89 88 91 96 9 14 54 61 8 49 62 17 18 49 66 47 50 39 28 29 58 64 76 68 66 32 43 60 81 19 1 96 33 80 21 86 10 83 67 12 37 84 52 73 93 88 13 85 2 35 58 78 80 79 97 96 5 48 25 4 2 93 21 41 3 82 87 26 75 42 75 31 99 7 52 10 65 44 12 65 52 54 
39 61 24 30 52 28 84 61 69 36 80 37 84 75 75 60 90 10 82 6 55 94 61 39 58 91 38 33 70 47 87 28 93 39 44 60 72 96 62 47 44 1 34 10 99 99 45 83 73 97 19 13 89 89 46 8 83 78 84 96 96 36 13 64 88 69 90 1 50 48 56 17 0 44 94 97 37 25 60 98 93 43 72 55 84 56 27 13 14 66 47 97 88 86 20 46 2 5 51 11 
5 81 34 27 31 75 82 41 95 86 89 22 17 4 68 89 72 83 0 63 83 79 38 87 12 2 89 31 25 5 87 71 53 73 16 74 9 72 98 75 67 92 56 18 25 0 30 55 50 75 13 41 34 77 75 47 56 41 16 47 25 55 94 20 70 53 10 26 84 5 76 55 7 73 1 84 5 19 91 20 77 82 97 4 24 53 72 44 6 34 21 33 48 9 3 52 29 98 43 26 
50 20 19 96 30 36 52 61 62 49 51 8 38 73 41 16 20 61 22 39 76 0 7 66 52 86 83 55 29 34 29 59 15 20 34 34 17 8 24 32 7 39 14 37 11 33 86 12 67 22 48 47 74 41 0 66 4 37 7 70 30 2 34 16 61 77 98 66 71 31 82 17 33 7 51 77 6 60 58 72 55 60 80 77 2 72 42 24 89 44 81 1 57 27 10 62 86 62 23 12 
60 96 19 50 74 2 8 56 95 4 69 50 54 28 80 93 94 56 98 40 62 26 49 3 93 16 99 36 29 77 25 48 45 7 68 96 48 41 95 63 40 59 53 35 8 44 49 50 5 75 52 55 27 27 61 61 82 20 28 51 11 93 91 72 17 20 96 70 11 2 29 73 3 43 96 30 43 62 95 60 60 60 7 17 33 63 99 78 33 49 40 63 26 42 10 47 60 71 46 54 
1 35 62 24 35 47 72 8 61 28 54 29 6 19 21 81 38 14 53 19 13 18 36 31 53 25 7 83 54 48 53 40 0 83 17 5 89 51 71 84 78 28 6 46 19 16 36 44 48 56 77 71 18 31 68 24 41 72 44 88 40 19 34 29 4 57 52 34 40 47 5 48 16 9 30 66 39 60 81 73 47 2 31 79 8 40 40 17 92 84 53 60 21 0 65 29 15 35 29 83 
60 11 40 60 81 18 43 95 99 41 72 13 94 58 81 79 36 9 79 27 45 21 36 16 94 59 70 83 83 92 13 16 50 67 63 25 88 69 65 33 94 0 12 16 61 1 26 94 13 22 63 77 56 16 95 3 17 45 28 16 71 36 4 19 4 23 9 87 30 73 52 37 12 29 91 5 64 40 1 77 52 43 54 64 58 59 76 54 12 20 73 55 84 7 74 75 12 99 71 97 
46 74 96 87 38 65 83 12 68 13 79 99 87 20 41 96 26 47 53 96 27 33 55 69 73 9 98 82 94 35 25 12 84 16 60 18 19 30 49 47 76 58 36 25 53 81 24 16 84 5 7 11 36 45 47 2 66 50 85 68 93 83 71 67 72 7 77 95 95 94 73 51 8 13 84 78 7 70 30 8 65 92 21 39 13 66 5 37 71 98 83 51 85 48 92 67 51 87 15 69 
67 7 23 83 61 16 6 35 39 16 69 37 48 95 53 45 90 26 77 98 41 25 76 36 38 12 57 92 36 65 46 81 66 7 51 1 74 2 51 68 32 93 3 67 53 40 21 17 61 64 58 18 71 63 84 58 17 44 59 65 56 11 78 66 16 9 0 9 67 71 12 68 62 95 17 73 17 82 22 98 48 39 33 69 37 81 63 2 45 93 72 10 85 30 90 81 6 13 63 16 
36 22 42 87 38 60 47 4 19 41 84 61 2 93 6 62 24 77 72 83 78 57 60 1 41 59 96 74 47 66 88 37 58 57 40 66 59 46 17 16 15 69 7 97 68 81 69 54 63 52 8 71 29 18 41 11 56 68 14 84 83 66 75 98 20 39 1 5 85 23 2 72 41 18 94 23 53 7 30 69 99 35 3 26 41 71 81 91 0 91 65 40 18 92 11 28 19 0 92 91 
77 81 31 76 78 8 83 14 25 59 20 78 82 56 61 33 18 28 74 98 63 94 5 61 53 72 38 1 66 0 18 73 17 55 89 5 17 19 16 35 80 73 57 53 14 45 86 68 60 16 90 99 41 11 61 24 79 18 78 29 13 36 19 55 88 97 42 79 63 35 6 10 43 1 7 47 70 61 85 62 28 81 61 96 8 72 67 64 85 23 80 64 60 34 7 96 27 75 46 89 
94 36 69 50 65 43 63 48 7 0 39 40 77 78 69 37 54 11 17 6 22 93 44 65 20 19 26 48 8 5 43 68 72 71 20 60 63 84 33 87 56 17 96 81 24 51 49 7 42 55 52 33 34 21 22 36 48 19 27 56 58 87 95 24 1 82 17 99 76 86 12 69 97 6 40 58 12 56 88 70 17 32 44 50 93 79 17 50 8 23 96 52 6 1 83 36 96 50 50 20 
